FileFormat:0002.2 file with temperature of atmosphere
SN105HE102
local	GMT or Local
0	GMT-Local=[hours]
0	Height[m]
0	0	0	Longitude                [grd]               [min]               [sec]
0	0	0	Latitude                [grd]               [min]               [sec]
N	NS
56,45	Freq[GHz]
0,00	dTemostat[K]
0,150	MessErr[K]
0,248	//[grad/step]
version 14.4.20120406
MTP5HE102F5645K-38.60I70D219217+A1.1
Commentary:
SN105HE102
парабола ДНА = 2,5 град
НЕ102 - ПУ - ХВБ с ЦСД " S "
АЦП - 202 - 09 с контр.U пит.и М
оптопара серии - 2
Т out № 178 пл
БП LPS - 112
End Of Commentary

SYSTEM\summer.dat
data time	0	50	100	150	200	250	300	350	400	450	500	550	600	650	700	750	800	850	900	950	1000	OutsideTemperature
14/06/2019 00:00:00	16,05	16,10	15,92	15,70	15,47	15,24	15,01	14,78	14,56	14,36	14,15	13,94	13,73	13,48	13,24	12,93	12,63	12,29	11,95	11,59	11,23	16,22
14/06/2019 00:05:00	16,35	16,26	15,97	15,66	15,37	15,15	14,94	14,74	14,57	14,44	14,27	14,12	13,96	13,76	13,57	13,30	13,04	12,73	12,42	12,09	11,76	16,34
14/06/2019 00:10:00	16,23	16,20	15,96	15,71	15,45	15,20	14,96	14,73	14,48	14,25	14,12	13,96	13,81	13,59	13,37	13,07	12,77	12,44	12,11	11,75	11,40	16,22
14/06/2019 00:15:00	16,19	16,08	15,85	15,63	15,40	15,12	14,87	14,66	14,47	14,31	14,17	14,02	13,86	13,66	13,45	13,17	12,88	12,57	12,25	11,91	11,57	16,09
14/06/2019 00:20:00	16,03	16,17	15,92	15,60	15,25	14,98	14,73	14,51	14,24	14,00	13,94	13,85	13,75	13,58	13,41	13,13	12,85	12,53	12,22	11,89	11,56	15,99
14/06/2019 00:25:00	16,09	16,18	15,89	15,60	15,34	15,08	14,83	14,59	14,38	14,22	14,11	13,98	13,85	13,67	13,48	13,20	12,93	12,61	12,30	11,96	11,63	16,28
14/06/2019 00:30:00	16,10	16,16	15,85	15,54	15,32	15,07	14,82	14,60	14,44	14,33	14,23	14,12	14,01	13,84	13,67	13,41	13,15	12,85	12,55	12,22	11,90	16,29
14/06/2019 00:35:00	15,89	15,85	15,63	15,42	15,22	15,04	14,87	14,73	14,58	14,46	14,32	14,17	14,03	13,84	13,65	13,38	13,12	12,81	12,50	12,16	11,82	16,07
14/06/2019 00:40:00	15,66	15,93	15,81	15,63	15,40	15,22	15,03	14,82	14,63	14,47	14,35	14,22	14,08	13,89	13,69	13,41	13,12	12,80	12,48	12,14	11,79	15,82
14/06/2019 00:45:00	15,73	16,09	16,06	15,98	15,83	15,68	15,51	15,31	15,13	14,96	14,79	14,60	14,42	14,19	13,95	13,65	13,34	13,00	12,65	12,28	11,91	15,55
14/06/2019 00:50:00	15,42	15,94	16,12	16,23	16,24	16,11	15,95	15,80	15,62	15,45	15,27	15,06	14,85	14,58	14,32	13,99	13,65	13,28	12,91	12,51	12,12	15,30
14/06/2019 00:55:00	15,36	16,09	16,34	16,44	16,34	16,18	15,99	15,80	15,56	15,31	15,08	14,83	14,57	14,28	13,99	13,64	13,28	12,90	12,52	12,12	11,73	15,39
14/06/2019 01:00:00	15,32	16,06	16,29	16,38	16,32	16,16	15,95	15,72	15,49	15,26	15,01	14,74	14,47	14,16	13,86	13,50	13,14	12,76	12,38	11,98	11,58	15,23
14/06/2019 01:05:00	15,07	15,71	15,89	15,97	15,95	15,85	15,72	15,57	15,37	15,19	15,08	14,92	14,76	14,53	14,30	13,98	13,65	13,29	12,93	12,54	12,16	15,14
14/06/2019 01:10:00	15,13	15,76	16,07	16,23	16,18	16,15	16,05	15,86	15,72	15,57	15,28	14,99	14,70	14,39	14,09	13,75	13,41	13,04	12,66	12,26	11,86	15,13
14/06/2019 01:15:00	15,09	15,73	15,98	16,13	16,17	16,06	15,89	15,71	15,58	15,44	15,21	14,96	14,71	14,43	14,15	13,82	13,48	13,11	12,75	12,35	11,96	15,19
14/06/2019 01:20:00	15,19	15,71	15,95	16,07	16,00	15,98	15,93	15,84	15,64	15,40	15,13	14,86	14,58	14,29	13,99	13,65	13,30	12,92	12,54	12,12	11,71	15,31
14/06/2019 01:25:00	15,18	15,65	15,88	15,98	15,91	15,80	15,66	15,52	15,32	15,10	14,88	14,64	14,40	14,12	13,84	13,50	13,16	12,79	12,42	12,02	11,63	15,23
14/06/2019 01:30:00	15,13	15,46	15,55	15,55	15,39	15,20	15,02	14,88	14,69	14,50	14,37	14,20	14,03	13,81	13,59	13,28	12,97	12,64	12,30	11,95	11,59	15,27
14/06/2019 01:35:00	15,24	15,48	15,64	15,71	15,61	15,54	15,40	15,19	15,10	15,03	14,82	14,60	14,38	14,14	13,89	13,59	13,28	12,94	12,60	12,24	11,87	15,32
14/06/2019 01:40:00	15,46	15,84	15,93	15,97	15,95	15,83	15,68	15,52	15,32	15,11	14,88	14,63	14,38	14,10	13,82	13,48	13,14	12,76	12,38	11,98	11,57	15,46
14/06/2019 01:45:00	15,55	15,73	15,82	15,89	15,91	15,84	15,74	15,63	15,50	15,35	15,09	14,82	14,55	14,27	13,98	13,66	13,33	12,96	12,59	12,19	11,78	15,65
14/06/2019 01:50:00	15,65	15,88	15,87	15,84	15,79	15,71	15,60	15,47	15,28	15,09	14,98	14,83	14,68	14,46	14,25	13,93	13,62	13,26	12,90	12,51	12,13	15,62
14/06/2019 01:55:00	15,44	15,95	16,05	16,03	15,87	15,74	15,59	15,42	15,25	15,08	14,87	14,65	14,44	14,19	13,94	13,63	13,33	12,98	12,64	12,27	11,90	15,55
14/06/2019 02:00:00	15,29	15,73	15,76	15,75	15,72	15,68	15,57	15,41	15,28	15,16	14,96	14,74	14,53	14,28	14,04	13,73	13,43	13,08	12,72	12,34	11,96	15,35
14/06/2019 02:05:00	15,22	15,67	15,75	15,76	15,70	15,60	15,45	15,28	15,10	14,92	14,75	14,56	14,36	14,12	13,87	13,55	13,23	12,87	12,52	12,14	11,76	15,22
14/06/2019 02:10:00	15,21	15,54	15,60	15,58	15,47	15,39	15,28	15,13	14,98	14,85	14,71	14,55	14,39	14,18	13,96	13,67	13,37	13,04	12,70	12,34	11,98	15,22
14/06/2019 02:15:00	15,19	15,44	15,44	15,40	15,34	15,31	15,24	15,12	14,98	14,86	14,77	14,64	14,51	14,31	14,12	13,83	13,54	13,21	12,87	12,51	12,14	15,12
14/06/2019 02:20:00	14,85	15,05	15,25	15,46	15,63	15,65	15,61	15,55	15,39	15,19	14,94	14,65	14,37	14,06	13,75	13,39	13,04	12,64	12,24	11,81	11,37	15,03
14/06/2019 02:25:00	15,01	15,17	15,25	15,28	15,22	15,13	15,01	14,86	14,71	14,55	14,38	14,19	13,99	13,75	13,51	13,20	12,89	12,54	12,20	11,82	11,45	14,90
14/06/2019 02:30:00	14,87	15,14	15,24	15,26	15,15	15,02	14,89	14,78	14,68	14,60	14,47	14,33	14,18	13,99	13,79	13,51	13,24	12,92	12,61	12,27	11,93	14,82
14/06/2019 02:35:00	14,90	15,16	15,26	15,32	15,33	15,27	15,16	15,04	14,87	14,70	14,52	14,30	14,09	13,83	13,58	13,26	12,93	12,57	12,21	11,82	11,42	14,90
14/06/2019 02:40:00	14,92	15,03	15,06	15,10	15,14	15,04	14,93	14,83	14,65	14,45	14,24	14,00	13,76	13,49	13,21	12,89	12,56	12,19	11,83	11,43	11,03	14,63
14/06/2019 02:45:00	14,92	14,76	14,85	14,93	14,93	14,92	14,88	14,80	14,66	14,50	14,30	14,07	13,85	13,59	13,33	13,01	12,70	12,34	11,98	11,59	11,19	14,59
14/06/2019 02:50:00	14,73	14,54	14,55	14,63	14,77	14,79	14,77	14,73	14,62	14,50	14,34	14,14	13,94	13,70	13,46	13,15	12,84	12,48	12,12	11,72	11,32	14,60
14/06/2019 02:55:00	14,52	14,40	14,54	14,70	14,80	14,79	14,73	14,67	14,64	14,59	14,42	14,22	14,02	13,79	13,56	13,27	12,98	12,64	12,30	11,93	11,56	14,39
14/06/2019 03:00:00	14,26	14,30	14,34	14,38	14,36	14,31	14,19	14,02	13,87	13,71	13,50	13,26	13,02	12,76	12,49	12,17	11,86	11,51	11,16	10,78	10,40	14,21
14/06/2019 03:05:00	14,25	14,26	14,28	14,33	14,39	14,43	14,36	14,18	13,95	13,70	13,43	13,12	12,82	12,50	12,17	11,81	11,46	11,06	10,67	10,24	9,81	14,03
14/06/2019 03:10:00	13,99	13,94	13,85	13,71	13,51	13,33	13,14	12,94	12,75	12,57	12,35	12,12	11,90	11,65	11,40	11,11	10,82	10,51	10,20	9,86	9,53	13,91
14/06/2019 03:15:00	13,94	13,85	13,68	13,51	13,30	13,02	12,77	12,56	12,31	12,07	11,89	11,69	11,48	11,24	11,00	10,70	10,39	10,08	9,76	9,43	9,10	13,97
14/06/2019 03:20:00	14,16	14,19	13,88	13,50	13,05	12,69	12,40	12,15	11,80	11,49	11,35	11,19	11,03	10,82	10,61	10,32	10,03	9,74	9,45	9,15	8,85	14,14
14/06/2019 03:25:00	14,26	14,02	13,57	13,17	12,90	12,62	12,36	12,11	11,84	11,59	11,35	11,12	10,88	10,63	10,38	10,09	9,81	9,50	9,20	8,88	8,55	14,27
14/06/2019 03:30:00	13,90	13,61	13,17	12,74	12,33	11,98	11,68	11,41	11,14	10,90	10,72	10,55	10,38	10,17	9,96	9,69	9,43	9,16	8,88	8,60	8,32	14,13
14/06/2019 03:35:00	13,54	13,11	12,73	12,36	11,99	11,65	11,37	11,17	10,93	10,70	10,49	10,30	10,10	9,88	9,66	9,40	9,14	8,87	8,60	8,32	8,04	13,58
14/06/2019 03:40:00	13,23	12,88	12,48	12,13	11,85	11,59	11,32	11,05	10,81	10,59	10,40	10,19	9,99	9,76	9,53	9,25	8,98	8,69	8,41	8,11	7,81	13,29
14/06/2019 03:45:00	13,00	12,63	12,22	11,84	11,49	11,21	10,94	10,66	10,44	10,30	10,30	10,25	10,20	10,06	9,93	9,69	9,46	9,21	8,96	8,71	8,46	13,13
14/06/2019 03:50:00	12,78	12,56	12,19	11,81	11,47	11,18	10,94	10,77	10,61	10,51	10,54	10,53	10,53	10,43	10,34	10,14	9,93	9,72	9,50	9,27	9,04	12,79
14/06/2019 03:55:00	12,60	12,23	11,89	11,63	11,46	11,40	11,31	11,20	11,14	11,11	11,08	11,03	10,98	10,87	10,75	10,55	10,35	10,11	9,88	9,61	9,35	12,42
14/06/2019 04:00:00	12,47	12,17	12,03	11,98	12,03	12,05	12,05	12,04	11,88	11,71	11,51	11,30	11,09	10,85	10,61	10,33	10,05	9,74	9,42	9,07	8,71	12,23
14/06/2019 04:05:00	12,16	11,80	11,56	11,40	11,32	11,25	11,16	11,08	11,00	10,91	10,79	10,65	10,50	10,33	10,15	9,92	9,69	9,42	9,16	8,87	8,58	12,05
14/06/2019 04:10:00	12,13	11,71	11,34	11,07	10,94	10,86	10,75	10,64	10,53	10,45	10,40	10,33	10,25	10,11	9,97	9,76	9,54	9,29	9,04	8,77	8,50	11,99
14/06/2019 04:15:00	12,00	11,62	11,32	11,07	10,85	10,73	10,58	10,40	10,33	10,28	10,23	10,15	10,07	9,94	9,80	9,59	9,39	9,15	8,92	8,67	8,42	11,96
14/06/2019 04:20:00	11,89	11,56	11,22	10,93	10,70	10,59	10,48	10,38	10,31	10,25	10,17	10,09	10,02	9,89	9,76	9,57	9,38	9,15	8,93	8,69	8,45	11,88
14/06/2019 04:25:00	11,82	11,36	11,07	10,84	10,67	10,58	10,46	10,32	10,18	10,10	10,17	10,17	10,17	10,07	9,97	9,75	9,53	9,29	9,05	8,79	8,53	11,85
14/06/2019 04:30:00	11,80	11,39	11,05	10,79	10,63	10,59	10,53	10,46	10,41	10,40	10,43	10,43	10,42	10,34	10,26	10,07	9,89	9,67	9,45	9,21	8,97	11,78
14/06/2019 04:35:00	11,80	11,50	11,29	11,18	11,16	11,12	11,12	11,15	11,03	10,96	10,99	10,97	10,94	10,83	10,72	10,50	10,28	10,03	9,77	9,49	9,20	11,82
14/06/2019 04:40:00	11,94	11,64	11,48	11,34	11,22	11,11	11,02	10,94	10,87	10,85	10,88	10,86	10,84	10,74	10,63	10,43	10,22	9,98	9,75	9,50	9,24	11,80
14/06/2019 04:45:00	11,88	11,55	11,30	11,18	11,20	11,22	11,24	11,26	11,25	11,25	11,22	11,18	11,13	11,02	10,91	10,71	10,51	10,27	10,03	9,75	9,47	11,66
14/06/2019 04:50:00	11,65	11,23	10,98	10,85	10,85	10,88	10,85	10,79	10,69	10,64	10,69	10,66	10,64	10,52	10,41	10,18	9,96	9,70	9,44	9,15	8,86	11,54
14/06/2019 04:55:00	11,57	11,17	10,97	10,84	10,76	10,78	10,78	10,76	10,65	10,60	10,64	10,62	10,60	10,49	10,39	10,17	9,96	9,71	9,47	9,19	8,91	11,52
14/06/2019 05:00:00	11,70	11,34	11,27	11,24	11,23	11,17	11,12	11,10	11,02	10,95	10,87	10,75	10,64	10,47	10,30	10,06	9,83	9,56	9,30	9,01	8,71	11,57
14/06/2019 05:05:00	11,59	11,23	11,09	11,03	11,03	11,08	11,07	11,02	10,98	10,93	10,86	10,76	10,66	10,50	10,34	10,11	9,89	9,62	9,36	9,07	8,77	11,55
14/06/2019 05:10:00	11,63	11,37	11,30	11,26	11,24	11,25	11,21	11,14	11,09	11,00	10,84	10,66	10,49	10,29	10,08	9,84	9,59	9,32	9,05	8,74	8,44	11,55
14/06/2019 05:15:00	11,50	11,16	11,06	11,01	10,98	10,99	10,96	10,90	10,85	10,79	10,69	10,57	10,45	10,28	10,11	9,88	9,65	9,39	9,12	8,83	8,54	11,47
14/06/2019 05:20:00	11,47	11,07	11,02	11,03	11,04	11,02	10,96	10,87	10,77	10,67	10,59	10,45	10,32	10,13	9,94	9,68	9,41	9,13	8,84	8,53	8,22	11,48
14/06/2019 05:25:00	11,41	11,22	11,05	10,93	10,86	10,75	10,63	10,52	10,37	10,25	10,18	10,06	9,95	9,78	9,60	9,35	9,10	8,83	8,57	8,28	7,99	11,40
14/06/2019 05:30:00	11,36	11,06	10,95	10,86	10,80	10,76	10,70	10,65	10,62	10,60	10,59	10,54	10,49	10,38	10,26	10,05	9,84	9,60	9,36	9,10	8,84	11,36
14/06/2019 05:35:00	11,46	11,26	11,14	11,07	11,05	11,00	10,96	10,94	10,89	10,87	10,89	10,86	10,83	10,72	10,61	10,40	10,19	9,95	9,70	9,44	9,17	11,35
14/06/2019 05:40:00	11,43	11,28	11,22	11,17	11,11	11,05	10,96	10,86	10,81	10,77	10,72	10,64	10,55	10,40	10,26	10,03	9,80	9,55	9,30	9,03	8,75	11,35
14/06/2019 05:45:00	11,27	11,06	10,89	10,79	10,78	10,67	10,55	10,45	10,35	10,27	10,21	10,11	10,01	9,85	9,69	9,45	9,20	8,94	8,68	8,40	8,12	11,22
14/06/2019 05:50:00	11,27	11,14	10,96	10,81	10,69	10,51	10,35	10,22	10,08	10,01	10,08	10,08	10,08	9,97	9,87	9,64	9,42	9,17	8,93	8,68	8,43	11,21
14/06/2019 05:55:00	11,21	10,97	10,79	10,64	10,51	10,39	10,22	10,03	9,98	9,96	9,96	9,91	9,86	9,74	9,62	9,40	9,18	8,95	8,72	8,48	8,23	11,33
14/06/2019 06:00:00	11,15	10,85	10,74	10,65	10,58	10,48	10,41	10,37	10,28	10,21	10,16	10,06	9,97	9,82	9,67	9,45	9,23	8,99	8,74	8,48	8,21	11,25
14/06/2019 06:05:00	11,31	11,07	10,90	10,72	10,52	10,36	10,18	10,01	9,96	9,95	9,95	9,92	9,89	9,78	9,67	9,47	9,26	9,05	8,83	8,60	8,37	11,25
14/06/2019 06:10:00	11,26	11,21	11,05	10,89	10,75	10,57	10,43	10,32	10,12	10,01	10,07	10,06	10,05	9,94	9,82	9,59	9,35	9,10	8,85	8,59	8,33	11,20
14/06/2019 06:15:00	11,12	11,12	10,95	10,82	10,74	10,62	10,48	10,35	10,22	10,10	9,98	9,84	9,70	9,51	9,33	9,08	8,83	8,57	8,31	8,03	7,75	11,12
14/06/2019 06:20:00	11,21	11,08	10,98	10,87	10,73	10,50	10,33	10,23	10,04	9,90	9,87	9,78	9,70	9,54	9,38	9,13	8,88	8,62	8,37	8,10	7,84	11,18
14/06/2019 06:25:00	11,15	10,91	10,80	10,69	10,57	10,51	10,45	10,40	10,39	10,39	10,37	10,33	10,28	10,17	10,06	9,87	9,68	9,46	9,24	8,99	8,75	11,18
14/06/2019 06:30:00	11,22	11,02	10,89	10,76	10,63	10,51	10,38	10,25	10,16	10,11	10,09	10,03	9,98	9,85	9,71	9,49	9,27	9,03	8,80	8,54	8,29	11,23
14/06/2019 06:35:00	11,37	11,13	10,88	10,64	10,40	10,21	10,03	9,86	9,74	9,67	9,65	9,61	9,56	9,44	9,32	9,10	8,89	8,67	8,44	8,20	7,97	11,25
14/06/2019 06:40:00	11,23	11,08	10,87	10,66	10,46	10,25	10,10	9,99	9,81	9,65	9,54	9,40	9,27	9,09	8,91	8,68	8,44	8,19	7,95	7,69	7,43	11,06
14/06/2019 06:45:00	11,28	11,01	10,76	10,54	10,36	10,17	10,02	9,90	9,75	9,62	9,52	9,41	9,29	9,13	8,96	8,73	8,50	8,26	8,01	7,76	7,50	11,32
14/06/2019 06:50:00	11,23	10,97	10,75	10,57	10,42	10,20	10,01	9,85	9,68	9,50	9,32	9,12	8,92	8,70	8,48	8,22	7,97	7,70	7,44	7,17	6,89	11,32
14/06/2019 06:55:00	11,20	11,06	10,83	10,59	10,33	10,14	9,92	9,69	9,48	9,32	9,24	9,12	9,00	8,82	8,64	8,39	8,13	7,88	7,63	7,37	7,11	11,30
14/06/2019 07:00:00	11,31	11,08	10,90	10,69	10,41	10,19	9,95	9,70	9,53	9,38	9,22	9,04	8,87	8,66	8,46	8,20	7,95	7,69	7,44	7,18	6,93	11,53
14/06/2019 07:05:00	11,41	11,17	10,92	10,68	10,43	10,20	9,96	9,74	9,55	9,39	9,28	9,14	9,00	8,81	8,63	8,38	8,13	7,88	7,62	7,36	7,11	11,53
14/06/2019 07:10:00	11,55	11,24	10,98	10,71	10,39	10,13	9,89	9,65	9,39	9,19	9,09	8,96	8,82	8,63	8,44	8,18	7,92	7,66	7,40	7,14	6,88	11,76
14/06/2019 07:15:00	11,68	11,37	11,04	10,74	10,48	10,18	9,92	9,72	9,52	9,34	9,14	8,94	8,75	8,53	8,32	8,07	7,82	7,56	7,31	7,05	6,79	11,83
14/06/2019 07:20:00	11,79	11,46	11,13	10,80	10,47	10,14	9,88	9,70	9,46	9,24	9,05	8,86	8,68	8,47	8,25	8,00	7,75	7,51	7,26	7,00	6,75	11,74
14/06/2019 07:25:00	11,71	11,37	11,06	10,72	10,32	10,01	9,74	9,52	9,27	9,06	8,90	8,74	8,58	8,38	8,19	7,94	7,69	7,45	7,21	6,96	6,71	11,78
14/06/2019 07:30:00	11,72	11,39	11,02	10,65	10,28	9,98	9,68	9,40	9,18	9,01	8,90	8,78	8,65	8,48	8,30	8,06	7,82	7,58	7,35	7,11	6,87	12,06
14/06/2019 07:35:00	11,82	11,45	11,11	10,77	10,42	10,07	9,77	9,52	9,29	9,08	8,89	8,69	8,50	8,28	8,06	7,81	7,55	7,31	7,06	6,81	6,56	11,90
14/06/2019 07:40:00	11,75	11,51	11,10	10,69	10,32	9,98	9,68	9,42	9,22	9,05	8,88	8,72	8,57	8,38	8,20	7,97	7,73	7,51	7,28	7,04	6,81	12,15
14/06/2019 07:45:00	11,84	11,46	11,13	10,79	10,44	10,08	9,79	9,56	9,33	9,12	8,93	8,74	8,54	8,33	8,12	7,87	7,62	7,37	7,13	6,88	6,63	11,94
14/06/2019 07:50:00	11,74	11,31	10,93	10,56	10,21	9,90	9,66	9,49	9,24	9,05	9,02	8,95	8,88	8,74	8,60	8,37	8,14	7,91	7,68	7,44	7,20	11,84
14/06/2019 07:55:00	11,85	11,54	11,09	10,68	10,36	10,01	9,71	9,45	9,25	9,09	8,99	8,88	8,78	8,61	8,45	8,22	7,99	7,76	7,53	7,30	7,07	12,55
14/06/2019 08:00:00	12,00	11,55	11,12	10,71	10,34	10,03	9,77	9,55	9,24	8,99	8,88	8,75	8,61	8,42	8,23	7,98	7,72	7,46	7,21	6,95	6,69	12,37
14/06/2019 08:05:00	12,06	11,55	11,22	10,89	10,54	10,18	9,86	9,57	9,31	9,08	8,86	8,64	8,41	8,17	7,93	7,66	7,38	7,12	6,85	6,59	6,32	12,32
14/06/2019 08:10:00	12,11	11,70	11,31	10,93	10,57	10,20	9,84	9,50	9,26	9,02	8,76	8,51	8,26	8,01	7,75	7,48	7,21	6,94	6,68	6,42	6,15	12,36
14/06/2019 08:15:00	12,16	11,81	11,47	11,07	10,60	10,23	9,85	9,47	9,23	9,03	8,82	8,62	8,42	8,19	7,97	7,71	7,45	7,20	6,96	6,71	6,47	12,81
14/06/2019 08:20:00	12,19	11,78	11,31	10,85	10,40	10,10	9,83	9,56	9,27	8,99	8,75	8,53	8,30	8,07	7,83	7,57	7,32	7,06	6,80	6,54	6,28	12,90
14/06/2019 08:25:00	12,30	11,94	11,53	11,12	10,69	10,33	10,00	9,68	9,37	9,08	8,83	8,58	8,34	8,08	7,82	7,54	7,26	6,99	6,72	6,45	6,18	12,70
14/06/2019 08:30:00	12,31	11,97	11,49	11,03	10,61	10,24	9,90	9,58	9,26	8,97	8,75	8,52	8,30	8,06	7,82	7,54	7,27	7,00	6,74	6,47	6,20	12,54
14/06/2019 08:35:00	12,28	11,89	11,45	11,03	10,63	10,26	9,94	9,68	9,32	8,97	8,66	8,37	8,07	7,78	7,49	7,20	6,90	6,62	6,33	6,04	5,76	12,64
14/06/2019 08:40:00	12,43	12,13	11,66	11,20	10,79	10,43	10,05	9,66	9,33	9,04	8,79	8,54	8,29	8,03	7,77	7,47	7,18	6,90	6,62	6,34	6,07	12,92
14/06/2019 08:45:00	12,33	11,98	11,57	11,14	10,70	10,28	9,87	9,46	9,19	8,95	8,70	8,45	8,21	7,96	7,71	7,43	7,15	6,89	6,63	6,38	6,12	12,75
14/06/2019 08:50:00	12,41	11,98	11,57	11,14	10,66	10,31	9,99	9,68	9,45	9,22	8,92	8,66	8,40	8,16	7,91	7,65	7,40	7,15	6,91	6,66	6,41	12,95
14/06/2019 08:55:00	12,44	11,98	11,54	11,14	10,78	10,37	9,95	9,53	9,24	8,97	8,73	8,48	8,22	7,96	7,69	7,39	7,09	6,81	6,54	6,26	5,98	13,19
14/06/2019 09:00:00	12,51	12,08	11,60	11,15	10,79	10,46	10,12	9,79	9,48	9,18	8,87	8,58	8,29	8,01	7,72	7,43	7,14	6,85	6,57	6,28	5,98	12,87
14/06/2019 09:05:00	12,58	12,17	11,76	11,32	10,82	10,47	10,09	9,65	9,36	9,06	8,67	8,33	7,98	7,66	7,34	7,05	6,75	6,47	6,19	5,91	5,63	13,05
14/06/2019 09:10:00	12,72	12,27	11,72	11,19	10,72	10,21	9,77	9,41	9,05	8,75	8,55	8,35	8,15	7,91	7,68	7,41	7,13	6,87	6,61	6,36	6,11	13,18
14/06/2019 09:15:00	13,07	12,53	12,08	11,62	11,16	10,70	10,29	9,94	9,59	9,27	8,97	8,69	8,41	8,13	7,84	7,55	7,25	6,97	6,69	6,41	6,13	13,22
14/06/2019 09:20:00	13,03	12,63	12,19	11,74	11,27	10,80	10,39	10,03	9,62	9,23	8,91	8,60	8,28	7,97	7,66	7,35	7,03	6,73	6,43	6,13	5,84	13,42
14/06/2019 09:25:00	12,97	12,63	12,20	11,74	11,25	10,85	10,47	10,07	9,72	9,39	9,07	8,76	8,46	8,16	7,87	7,56	7,26	6,97	6,68	6,40	6,11	13,25
14/06/2019 09:30:00	13,21	12,74	12,28	11,78	11,23	10,76	10,35	9,96	9,61	9,27	8,97	8,68	8,40	8,12	7,83	7,54	7,25	6,98	6,70	6,43	6,16	13,64
14/06/2019 09:35:00	13,18	12,80	12,32	11,84	11,39	11,01	10,64	10,26	9,84	9,45	9,15	8,85	8,55	8,24	7,94	7,61	7,29	6,98	6,67	6,36	6,05	13,47
14/06/2019 09:40:00	13,27	12,72	12,18	11,68	11,22	10,84	10,45	10,06	9,72	9,40	9,09	8,80	8,51	8,22	7,93	7,64	7,34	7,05	6,76	6,47	6,18	13,58
14/06/2019 09:45:00	13,59	12,90	12,40	11,91	11,43	11,00	10,57	10,13	9,79	9,46	9,09	8,75	8,40	8,08	7,76	7,45	7,14	6,84	6,54	6,25	5,95	14,50
14/06/2019 09:50:00	13,48	13,08	12,57	12,08	11,62	11,17	10,72	10,24	9,83	9,43	9,04	8,67	8,30	7,94	7,59	7,25	6,91	6,59	6,27	5,95	5,64	14,06
14/06/2019 09:55:00	13,35	12,81	12,37	11,92	11,43	11,03	10,66	10,29	9,87	9,47	9,16	8,84	8,53	8,22	7,91	7,58	7,26	6,95	6,64	6,33	6,02	13,55
14/06/2019 10:00:00	13,34	12,93	12,49	12,03	11,51	11,09	10,68	10,26	9,89	9,53	9,16	8,81	8,46	8,13	7,80	7,49	7,17	6,87	6,57	6,27	5,97	13,63
14/06/2019 10:05:00	13,60	13,03	12,57	12,15	11,77	11,38	10,99	10,59	10,19	9,77	9,36	8,96	8,57	8,20	7,83	7,48	7,13	6,80	6,46	6,12	5,78	14,37
14/06/2019 10:10:00	13,54	13,18	12,74	12,27	11,77	11,30	10,87	10,45	10,01	9,60	9,27	8,94	8,61	8,28	7,96	7,63	7,29	6,98	6,66	6,35	6,04	13,92
14/06/2019 10:15:00	13,71	13,24	12,75	12,26	11,79	11,34	10,93	10,54	10,15	9,78	9,44	9,12	8,80	8,49	8,18	7,86	7,54	7,24	6,93	6,63	6,32	14,03
14/06/2019 10:20:00	13,66	13,19	12,76	12,37	12,01	11,59	11,17	10,77	10,36	9,96	9,60	9,23	8,87	8,52	8,17	7,82	7,47	7,13	6,80	6,46	6,12	14,07
14/06/2019 10:25:00	13,70	13,27	12,81	12,32	11,83	11,31	10,84	10,42	10,04	9,67	9,32	8,99	8,66	8,34	8,02	7,70	7,38	7,08	6,79	6,49	6,20	14,15
14/06/2019 10:30:00	13,83	13,35	12,88	12,44	12,06	11,61	11,17	10,75	10,32	9,89	9,49	9,09	8,70	8,33	7,96	7,61	7,25	6,91	6,57	6,23	5,89	14,46
14/06/2019 10:35:00	13,87	13,44	12,96	12,53	12,15	11,75	11,31	10,84	10,52	10,19	9,71	9,29	8,86	8,48	8,11	7,77	7,43	7,10	6,78	6,45	6,11	14,07
14/06/2019 10:40:00	13,89	13,48	13,01	12,53	12,05	11,61	11,19	10,77	10,32	9,89	9,50	9,13	8,76	8,40	8,05	7,70	7,36	7,03	6,70	6,37	6,04	14,75
14/06/2019 10:45:00	13,97	13,53	13,11	12,66	12,17	11,73	11,30	10,88	10,49	10,09	9,69	9,32	8,94	8,59	8,24	7,91	7,57	7,25	6,93	6,61	6,29	14,54
14/06/2019 10:50:00	13,78	13,33	12,93	12,52	12,10	11,68	11,24	10,76	10,37	9,99	9,61	9,24	8,87	8,52	8,16	7,81	7,46	7,13	6,80	6,47	6,14	14,04
14/06/2019 10:55:00	13,92	13,44	12,98	12,53	12,10	11,68	11,27	10,88	10,47	10,06	9,71	9,36	9,02	8,68	8,35	8,01	7,67	7,34	7,02	6,69	6,36	14,39
14/06/2019 11:00:00	13,86	13,59	13,23	12,82	12,37	11,90	11,44	11,01	10,62	10,25	9,90	9,55	9,21	8,88	8,54	8,21	7,87	7,55	7,23	6,91	6,60	14,34
14/06/2019 11:05:00	14,34	13,94	13,51	13,03	12,49	11,99	11,52	11,09	10,62	10,15	9,73	9,33	8,94	8,57	8,19	7,84	7,48	7,14	6,81	6,48	6,14	15,78
14/06/2019 11:10:00	14,64	14,03	13,58	13,11	12,59	12,10	11,64	11,18	10,69	10,21	9,83	9,44	9,06	8,69	8,32	7,96	7,59	7,24	6,89	6,55	6,21	15,97
14/06/2019 11:15:00	14,50	13,97	13,55	13,12	12,66	12,21	11,75	11,28	10,87	10,45	9,97	9,53	9,08	8,68	8,28	7,91	7,55	7,20	6,86	6,51	6,16	15,51
14/06/2019 11:20:00	14,49	14,13	13,62	13,11	12,64	12,15	11,66	11,14	10,68	10,26	9,91	9,56	9,21	8,86	8,51	8,15	7,80	7,46	7,12	6,78	6,45	14,77
14/06/2019 11:25:00	14,62	14,35	13,95	13,50	12,95	12,48	12,02	11,58	11,17	10,76	10,32	9,91	9,51	9,14	8,77	8,43	8,08	7,75	7,42	7,09	6,76	14,59
14/06/2019 11:30:00	14,57	14,35	13,96	13,51	13,01	12,48	12,00	11,57	11,14	10,71	10,26	9,84	9,43	9,05	8,67	8,32	7,96	7,63	7,29	6,96	6,63	14,47
14/06/2019 11:35:00	14,54	14,32	13,84	13,35	12,87	12,36	11,90	11,49	11,10	10,73	10,36	10,01	9,67	9,34	9,02	8,69	8,36	8,04	7,72	7,41	7,09	14,40
14/06/2019 11:40:00	14,42	14,19	13,73	13,25	12,77	12,27	11,79	11,33	10,92	10,53	10,14	9,78	9,42	9,07	8,72	8,38	8,04	7,71	7,39	7,06	6,74	14,40
14/06/2019 11:45:00	14,57	14,31	13,90	13,45	12,95	12,49	12,05	11,63	11,16	10,68	10,28	9,89	9,50	9,13	8,77	8,40	8,04	7,69	7,34	6,99	6,64	14,55
14/06/2019 11:50:00	14,77	14,30	13,80	13,34	12,94	12,54	12,13	11,72	11,31	10,90	10,50	10,12	9,74	9,38	9,01	8,66	8,31	7,96	7,61	7,26	6,90	14,77
14/06/2019 11:55:00	14,86	14,36	13,91	13,46	13,02	12,66	12,25	11,77	11,37	10,99	10,57	10,17	9,77	9,40	9,02	8,67	8,31	7,96	7,61	7,25	6,89	15,19
14/06/2019 12:00:00	15,12	14,60	14,10	13,63	13,17	12,71	12,26	11,82	11,38	10,93	10,50	10,09	9,68	9,29	8,91	8,55	8,18	7,82	7,47	7,11	6,75	15,99
14/06/2019 12:05:00	15,20	14,63	14,21	13,77	13,31	12,81	12,34	11,91	11,44	10,94	10,50	10,06	9,63	9,23	8,83	8,45	8,07	7,70	7,34	6,97	6,61	16,53
14/06/2019 12:10:00	15,05	14,60	14,14	13,68	13,23	12,77	12,31	11,86	11,41	10,97	10,59	10,22	9,84	9,48	9,12	8,75	8,39	8,04	7,68	7,33	6,98	15,30
14/06/2019 12:15:00	15,26	14,82	14,34	13,86	13,39	13,00	12,62	12,21	11,75	11,28	10,81	10,37	9,94	9,54	9,14	8,77	8,40	8,04	7,67	7,29	6,92	15,77
14/06/2019 12:20:00	15,15	14,75	14,24	13,73	13,23	12,83	12,46	12,08	11,66	11,24	10,90	10,57	10,25	9,92	9,60	9,27	8,93	8,60	8,26	7,92	7,58	16,11
14/06/2019 12:25:00	15,45	14,87	14,44	13,99	13,49	13,05	12,65	12,27	11,81	11,33	10,83	10,37	9,91	9,50	9,08	8,71	8,34	7,98	7,61	7,24	6,87	16,65
14/06/2019 12:30:00	15,51	14,92	14,47	14,04	13,59	13,19	12,79	12,38	11,91	11,44	11,05	10,66	10,28	9,91	9,53	9,16	8,78	8,41	8,04	7,66	7,28	16,20
14/06/2019 12:35:00	15,79	15,12	14,62	14,15	13,70	13,27	12,86	12,45	11,99	11,50	11,03	10,58	10,13	9,72	9,31	8,93	8,55	8,17	7,80	7,41	7,02	16,40
14/06/2019 12:40:00	15,89	15,22	14,66	14,16	13,77	13,30	12,82	12,34	11,92	11,53	11,11	10,70	10,30	9,92	9,54	9,18	8,81	8,45	8,09	7,72	7,36	16,97
14/06/2019 12:45:00	15,94	15,35	14,81	14,29	13,83	13,40	12,97	12,54	12,13	11,72	11,25	10,81	10,37	9,99	9,60	9,24	8,88	8,52	8,16	7,79	7,42	16,69
14/06/2019 12:50:00	15,83	15,22	14,73	14,21	13,72	13,20	12,74	12,37	11,94	11,49	11,11	10,75	10,38	10,04	9,69	9,34	9,00	8,66	8,32	7,97	7,63	16,27
14/06/2019 12:55:00	15,70	15,20	14,74	14,30	13,87	13,45	13,03	12,59	12,13	11,65	11,21	10,78	10,35	9,95	9,55	9,17	8,78	8,40	8,02	7,63	7,25	16,20
14/06/2019 13:00:00	16,05	15,37	14,90	14,46	14,05	13,63	13,20	12,76	12,32	11,88	11,48	11,09	10,70	10,32	9,95	9,57	9,19	8,82	8,44	8,06	7,68	16,49
14/06/2019 13:05:00	16,16	15,47	15,01	14,56	14,12	13,70	13,27	12,80	12,40	12,01	11,53	11,08	10,62	10,22	9,82	9,45	9,08	8,71	8,34	7,96	7,59	17,27
14/06/2019 13:10:00	16,19	15,51	14,96	14,46	14,01	13,58	13,17	12,76	12,33	11,89	11,42	10,99	10,55	10,16	9,77	9,40	9,03	8,66	8,30	7,91	7,53	16,84
14/06/2019 13:15:00	16,34	15,64	15,23	14,83	14,40	13,94	13,49	13,07	12,61	12,12	11,58	11,07	10,57	10,12	9,67	9,27	8,87	8,47	8,08	7,68	7,27	17,23
14/06/2019 13:20:00	16,30	15,87	15,39	14,90	14,37	13,87	13,39	12,91	12,46	12,02	11,53	11,08	10,62	10,22	9,81	9,44	9,06	8,69	8,32	7,95	7,58	16,49
14/06/2019 13:25:00	16,55	15,95	15,43	14,95	14,53	14,15	13,76	13,32	12,91	12,49	11,99	11,54	11,08	10,67	10,27	9,89	9,52	9,13	8,75	8,35	7,95	18,29
14/06/2019 13:30:00	16,82	16,21	15,74	15,27	14,79	14,28	13,81	13,39	12,86	12,27	11,73	11,22	10,71	10,25	9,80	9,38	8,96	8,55	8,14	7,72	7,31	17,65
14/06/2019 13:35:00	16,71	16,21	15,73	15,26	14,78	14,35	13,87	13,31	12,82	12,33	11,84	11,37	10,90	10,47	10,04	9,63	9,22	8,82	8,41	8,01	7,60	17,38
14/06/2019 13:40:00	16,55	16,06	15,62	15,20	14,78	14,36	13,91	13,43	12,92	12,39	11,96	11,52	11,08	10,66	10,24	9,83	9,42	9,01	8,60	8,18	7,76	17,55
14/06/2019 13:45:00	16,55	16,09	15,62	15,14	14,65	14,19	13,74	13,28	12,84	12,41	11,87	11,39	10,90	10,48	10,05	9,67	9,29	8,91	8,53	8,14	7,76	17,26
14/06/2019 13:50:00	16,57	16,14	15,70	15,24	14,77	14,28	13,79	13,31	12,82	12,32	11,84	11,38	10,93	10,50	10,08	9,68	9,28	8,88	8,49	8,09	7,69	17,10
14/06/2019 13:55:00	16,58	16,27	15,82	15,35	14,88	14,40	13,92	13,44	12,91	12,36	11,90	11,46	11,02	10,60	10,18	9,77	9,35	8,95	8,55	8,14	7,73	17,02
14/06/2019 14:00:00	16,58	16,18	15,76	15,33	14,90	14,41	13,93	13,47	12,99	12,50	11,97	11,48	10,98	10,54	10,10	9,69	9,28	8,89	8,49	8,08	7,67	17,11
14/06/2019 14:05:00	16,80	16,13	15,53	14,98	14,47	13,94	13,41	12,91	12,45	12,00	11,49	11,03	10,56	10,15	9,74	9,35	8,97	8,60	8,22	7,84	7,46	17,21
14/06/2019 14:10:00	16,27	15,83	15,37	14,89	14,38	13,89	13,40	12,92	12,49	12,07	11,62	11,20	10,78	10,39	10,01	9,64	9,27	8,91	8,55	8,18	7,82	17,33
14/06/2019 14:15:00	16,01	15,69	15,22	14,75	14,34	13,83	13,35	12,94	12,49	12,04	11,62	11,22	10,83	10,45	10,08	9,70	9,33	8,96	8,59	8,22	7,85	16,63
14/06/2019 14:20:00	15,93	15,74	15,32	14,87	14,42	13,95	13,48	13,02	12,58	12,15	11,71	11,31	10,90	10,51	10,13	9,76	9,38	9,01	8,65	8,28	7,91	16,46
14/06/2019 14:25:00	16,07	15,69	15,31	14,93	14,55	14,13	13,72	13,31	12,87	12,41	11,95	11,50	11,06	10,65	10,24	9,85	9,46	9,07	8,68	8,28	7,88	16,82
14/06/2019 14:30:00	16,37	15,90	15,39	14,91	14,49	14,03	13,58	13,17	12,74	12,31	11,90	11,50	11,10	10,73	10,36	9,99	9,63	9,26	8,89	8,51	8,13	17,27
14/06/2019 14:35:00	16,63	16,05	15,56	15,05	14,49	14,03	13,59	13,14	12,66	12,18	11,78	11,39	11,00	10,63	10,26	9,89	9,52	9,14	8,77	8,40	8,02	18,34
14/06/2019 14:40:00	16,77	16,21	15,67	15,14	14,64	14,19	13,74	13,24	12,78	12,34	11,94	11,55	11,16	10,79	10,42	10,04	9,67	9,30	8,93	8,55	8,17	18,65
14/06/2019 14:45:00	16,88	16,33	15,78	15,27	14,86	14,40	13,95	13,53	13,16	12,80	12,23	11,74	11,25	10,83	10,41	10,05	9,68	9,31	8,94	8,55	8,17	18,41
14/06/2019 14:50:00	16,82	16,20	15,74	15,31	14,88	14,39	13,90	13,42	12,98	12,54	12,11	11,70	11,28	10,89	10,49	10,10	9,72	9,33	8,95	8,56	8,17	17,88
14/06/2019 14:55:00	16,75	16,31	15,87	15,44	15,04	14,59	14,12	13,65	13,16	12,65	12,19	11,75	11,30	10,88	10,46	10,05	9,64	9,23	8,82	8,40	7,99	17,31
14/06/2019 15:00:00	16,67	16,33	15,88	15,42	14,95	14,50	14,05	13,58	13,10	12,62	12,19	11,78	11,37	10,97	10,58	10,19	9,80	9,41	9,02	8,62	8,22	17,44
14/06/2019 15:05:00	16,64	16,31	15,91	15,49	15,06	14,65	14,22	13,75	13,28	12,80	12,26	11,76	11,26	10,81	10,36	9,96	9,55	9,14	8,73	8,31	7,89	17,28
14/06/2019 15:10:00	16,64	16,36	15,98	15,56	15,08	14,56	14,04	13,50	13,02	12,54	12,08	11,64	11,20	10,78	10,37	9,96	9,56	9,16	8,77	8,38	7,99	17,26
14/06/2019 15:15:00	16,89	16,38	16,01	15,60	15,11	14,63	14,15	13,69	13,23	12,77	12,27	11,80	11,33	10,90	10,48	10,08	9,68	9,29	8,90	8,50	8,11	18,18
14/06/2019 15:20:00	17,33	16,56	16,04	15,56	15,13	14,67	14,21	13,74	13,29	12,85	12,37	11,92	11,47	11,06	10,64	10,25	9,86	9,46	9,07	8,66	8,26	18,99
14/06/2019 15:25:00	17,28	16,65	16,13	15,65	15,24	14,76	14,30	13,90	13,49	13,07	12,59	12,15	11,71	11,31	10,91	10,54	10,16	9,78	9,40	9,00	8,61	18,71
14/06/2019 15:30:00	17,43	16,90	16,35	15,83	15,39	14,95	14,51	14,02	13,53	13,03	12,64	12,25	11,86	11,47	11,09	10,70	10,30	9,90	9,50	9,09	8,68	18,58
14/06/2019 15:35:00	17,45	16,89	16,41	15,93	15,44	14,93	14,43	13,98	13,47	12,91	12,43	11,97	11,51	11,09	10,66	10,25	9,84	9,43	9,02	8,61	8,19	19,01
14/06/2019 15:40:00	17,22	16,73	16,24	15,78	15,37	14,90	14,44	14,00	13,53	13,03	12,57	12,12	11,67	11,26	10,84	10,44	10,04	9,64	9,23	8,81	8,40	18,54
14/06/2019 15:45:00	17,11	16,67	16,27	15,85	15,37	14,87	14,37	13,88	13,36	12,81	12,30	11,81	11,31	10,86	10,41	9,98	9,56	9,14	8,73	8,31	7,89	17,77
14/06/2019 15:50:00	16,78	16,51	16,13	15,69	15,14	14,64	14,14	13,64	13,15	12,66	12,17	11,72	11,26	10,85	10,43	10,03	9,63	9,24	8,85	8,45	8,06	17,28
14/06/2019 15:55:00	16,72	16,47	16,08	15,65	15,15	14,66	14,18	13,69	13,23	12,77	12,27	11,81	11,35	10,93	10,52	10,12	9,73	9,34	8,95	8,56	8,17	17,00
14/06/2019 16:00:00	16,68	16,45	16,06	15,64	15,17	14,68	14,19	13,71	13,25	12,79	12,37	11,97	11,56	11,17	10,79	10,40	10,01	9,63	9,24	8,86	8,47	17,22
14/06/2019 16:05:00	16,80	16,39	15,98	15,56	15,12	14,65	14,18	13,72	13,30	12,89	12,44	12,02	11,60	11,21	10,82	10,44	10,06	9,68	9,30	8,92	8,53	17,23
14/06/2019 16:10:00	16,85	16,33	15,94	15,58	15,20	14,85	14,45	13,98	13,56	13,15	12,69	12,25	11,80	11,39	10,98	10,58	10,19	9,79	9,39	8,97	8,55	17,16
14/06/2019 16:15:00	16,92	16,58	16,14	15,66	15,16	14,68	14,22	13,76	13,32	12,88	12,42	12,00	11,58	11,19	10,80	10,42	10,04	9,67	9,29	8,90	8,52	17,64
14/06/2019 16:20:00	17,19	16,71	16,25	15,76	15,23	14,82	14,41	13,95	13,53	13,11	12,60	12,14	11,68	11,28	10,87	10,49	10,12	9,74	9,36	8,96	8,57	18,53
14/06/2019 16:25:00	17,27	16,87	16,38	15,91	15,48	14,99	14,50	14,05	13,57	13,06	12,66	12,26	11,86	11,48	11,09	10,69	10,30	9,90	9,50	9,09	8,69	19,23
14/06/2019 16:30:00	17,67	17,02	16,57	16,14	15,68	15,22	14,74	14,24	13,71	13,14	12,67	12,19	11,71	11,27	10,82	10,39	9,96	9,53	9,10	8,66	8,22	20,31
14/06/2019 16:35:00	17,50	17,08	16,62	16,15	15,64	15,20	14,75	14,22	13,75	13,29	12,78	12,32	11,85	11,42	10,99	10,59	10,19	9,79	9,38	8,97	8,55	20,38
14/06/2019 16:40:00	17,39	16,98	16,51	16,04	15,56	15,08	14,62	14,16	13,69	13,21	12,76	12,33	11,90	11,49	11,09	10,70	10,31	9,91	9,52	9,11	8,71	18,34
14/06/2019 16:45:00	17,26	16,93	16,46	15,99	15,56	15,14	14,70	14,22	13,75	13,27	12,82	12,38	11,95	11,54	11,13	10,73	10,33	9,93	9,52	9,11	8,69	18,05
14/06/2019 16:50:00	17,34	16,90	16,49	16,08	15,65	15,16	14,69	14,25	13,79	13,31	12,77	12,27	11,77	11,32	10,87	10,47	10,06	9,65	9,24	8,82	8,40	18,41
14/06/2019 16:55:00	17,17	16,92	16,52	16,05	15,49	15,01	14,53	14,01	13,46	12,90	12,47	12,05	11,63	11,22	10,81	10,39	9,98	9,57	9,16	8,75	8,34	17,72
14/06/2019 17:00:00	17,13	16,82	16,37	15,92	15,45	14,96	14,49	14,06	13,61	13,15	12,66	12,20	11,75	11,34	10,92	10,54	10,15	9,76	9,36	8,96	8,56	18,35
14/06/2019 17:05:00	17,13	16,86	16,42	15,96	15,49	15,02	14,56	14,09	13,62	13,16	12,69	12,24	11,80	11,39	10,98	10,59	10,20	9,80	9,40	9,00	8,60	17,80
14/06/2019 17:10:00	17,09	16,91	16,48	16,02	15,58	15,11	14,63	14,11	13,63	13,16	12,67	12,22	11,76	11,34	10,92	10,51	10,10	9,70	9,29	8,88	8,47	17,65
14/06/2019 17:15:00	17,04	16,87	16,45	15,99	15,52	15,02	14,52	14,03	13,56	13,11	12,65	12,22	11,79	11,39	10,99	10,60	10,21	9,82	9,43	9,04	8,64	17,76
14/06/2019 17:20:00	17,40	17,17	16,78	16,35	15,86	15,41	14,96	14,51	14,04	13,58	13,15	12,73	12,32	11,93	11,54	11,15	10,76	10,36	9,96	9,56	9,15	17,86
14/06/2019 17:25:00	17,43	17,15	16,73	16,30	15,88	15,42	14,96	14,50	14,06	13,63	13,15	12,70	12,25	11,84	11,43	11,04	10,64	10,24	9,84	9,43	9,02	17,69
14/06/2019 17:30:00	17,75	17,46	17,07	16,64	16,13	15,64	15,15	14,68	14,22	13,77	13,30	12,87	12,43	12,03	11,63	11,23	10,84	10,44	10,05	9,64	9,24	17,72
14/06/2019 17:35:00	18,16	17,48	17,03	16,58	16,11	15,64	15,17	14,70	14,28	13,87	13,42	13,00	12,57	12,18	11,78	11,40	11,01	10,62	10,23	9,83	9,42	18,66
14/06/2019 17:40:00	18,18	17,56	17,06	16,58	16,17	15,75	15,31	14,83	14,35	13,84	13,45	13,06	12,66	12,27	11,88	11,47	11,07	10,65	10,23	9,80	9,37	18,34
14/06/2019 17:45:00	17,70	17,54	17,12	16,67	16,22	15,73	15,26	14,80	14,37	13,95	13,47	13,03	12,59	12,18	11,78	11,39	11,01	10,61	10,22	9,81	9,41	17,86
14/06/2019 17:50:00	17,65	17,49	17,10	16,68	16,22	15,74	15,27	14,81	14,35	13,90	13,46	13,05	12,63	12,24	11,84	11,45	11,05	10,65	10,25	9,84	9,43	17,64
14/06/2019 17:55:00	17,79	17,46	17,05	16,63	16,17	15,74	15,30	14,78	14,35	13,94	13,50	13,07	12,65	12,25	11,86	11,46	11,07	10,67	10,27	9,86	9,45	18,31
14/06/2019 18:00:00	17,93	17,59	17,22	16,84	16,41	15,95	15,48	15,01	14,55	14,08	13,58	13,11	12,64	12,20	11,77	11,36	10,94	10,52	10,11	9,68	9,25	18,76
14/06/2019 18:05:00	18,26	17,76	17,34	16,89	16,39	15,93	15,47	14,97	14,48	13,98	13,49	13,02	12,55	12,12	11,69	11,27	10,86	10,44	10,02	9,59	9,16	20,04
14/06/2019 18:10:00	18,25	17,78	17,31	16,84	16,39	15,96	15,53	15,07	14,60	14,13	13,66	13,21	12,77	12,35	11,94	11,54	11,13	10,72	10,30	9,87	9,45	20,52
14/06/2019 18:15:00	18,21	17,80	17,34	16,86	16,36	15,85	15,35	14,90	14,41	13,92	13,52	13,13	12,74	12,36	11,98	11,59	11,19	10,79	10,40	9,99	9,58	19,31
14/06/2019 18:20:00	18,16	17,76	17,32	16,89	16,45	16,01	15,58	15,15	14,67	14,16	13,71	13,28	12,84	12,43	12,02	11,61	11,20	10,78	10,36	9,93	9,49	19,99
14/06/2019 18:25:00	18,45	17,84	17,46	17,08	16,59	16,16	15,72	15,23	14,76	14,27	13,77	13,30	12,82	12,38	11,94	11,52	11,10	10,67	10,25	9,81	9,37	19,41
14/06/2019 18:30:00	18,56	17,84	17,31	16,84	16,45	16,03	15,61	15,22	14,79	14,33	13,89	13,47	13,05	12,65	12,25	11,86	11,47	11,06	10,65	10,22	9,78	20,00
14/06/2019 18:35:00	18,55	18,06	17,58	17,10	16,60	16,11	15,64	15,20	14,73	14,24	13,80	13,39	12,97	12,57	12,17	11,78	11,38	10,97	10,57	10,15	9,73	19,48
14/06/2019 18:40:00	18,49	17,90	17,49	17,09	16,62	16,19	15,77	15,33	14,88	14,40	13,92	13,46	13,01	12,58	12,16	11,75	11,35	10,93	10,51	10,07	9,63	19,29
14/06/2019 18:45:00	18,46	17,89	17,44	17,02	16,59	16,16	15,72	15,28	14,79	14,27	13,80	13,34	12,87	12,44	12,01	11,59	11,17	10,74	10,31	9,86	9,41	19,39
14/06/2019 18:50:00	18,39	18,02	17,48	16,97	16,58	16,10	15,61	15,14	14,68	14,23	13,78	13,36	12,94	12,53	12,13	11,74	11,34	10,93	10,52	10,09	9,67	18,87
14/06/2019 18:55:00	18,42	17,77	17,37	16,96	16,42	15,95	15,49	15,02	14,59	14,18	13,67	13,21	12,74	12,32	11,90	11,51	11,11	10,71	10,32	9,90	9,49	19,39
14/06/2019 19:00:00	18,36	17,76	17,35	16,94	16,46	16,02	15,59	15,17	14,70	14,20	13,76	13,33	12,90	12,49	12,08	11,68	11,27	10,86	10,44	10,01	9,58	19,36
14/06/2019 19:05:00	18,38	17,81	17,29	16,79	16,36	15,93	15,49	15,00	14,56	14,14	13,68	13,24	12,81	12,41	12,00	11,61	11,22	10,81	10,41	9,98	9,56	19,14
14/06/2019 19:10:00	18,15	17,77	17,32	16,82	16,31	15,87	15,42	14,92	14,45	13,99	13,57	13,16	12,76	12,37	11,98	11,59	11,20	10,80	10,40	9,99	9,58	18,86
14/06/2019 19:15:00	18,00	17,56	17,15	16,76	16,36	15,96	15,53	15,08	14,60	14,10	13,69	13,27	12,85	12,45	12,04	11,63	11,21	10,79	10,36	9,93	9,49	18,32
14/06/2019 19:20:00	17,87	17,50	17,09	16,67	16,26	15,88	15,48	15,01	14,58	14,17	13,71	13,28	12,84	12,44	12,03	11,64	11,24	10,83	10,43	10,00	9,58	17,47
14/06/2019 19:25:00	17,92	17,58	17,25	16,90	16,47	15,99	15,52	15,09	14,63	14,15	13,71	13,28	12,84	12,43	12,02	11,62	11,21	10,80	10,38	9,96	9,54	18,13
14/06/2019 19:30:00	18,03	17,61	17,20	16,79	16,40	15,97	15,55	15,19	14,75	14,25	13,77	13,31	12,86	12,44	12,02	11,62	11,21	10,79	10,38	9,94	9,51	18,04
14/06/2019 19:35:00	18,08	17,66	17,22	16,79	16,40	15,98	15,56	15,16	14,74	14,32	13,83	13,37	12,91	12,50	12,08	11,69	11,30	10,89	10,48	10,06	9,63	18,61
14/06/2019 19:40:00	18,22	17,72	17,32	16,90	16,43	15,97	15,52	15,08	14,63	14,17	13,69	13,23	12,77	12,35	11,94	11,53	11,13	10,72	10,31	9,89	9,47	18,76
14/06/2019 19:45:00	17,88	17,61	17,18	16,73	16,26	15,80	15,35	14,92	14,49	14,07	13,64	13,25	12,85	12,47	12,10	11,72	11,34	10,95	10,56	10,16	9,76	18,16
14/06/2019 19:50:00	17,61	17,52	17,12	16,70	16,29	15,83	15,37	14,92	14,48	14,03	13,58	13,15	12,73	12,33	11,93	11,53	11,14	10,73	10,33	9,92	9,50	17,38
14/06/2019 19:55:00	17,47	17,41	17,11	16,77	16,39	16,00	15,58	15,14	14,68	14,22	13,70	13,22	12,74	12,30	11,86	11,44	11,02	10,60	10,17	9,73	9,30	16,97
14/06/2019 20:00:00	17,30	17,30	16,96	16,61	16,24	15,80	15,32	14,81	14,38	13,98	13,55	13,12	12,70	12,30	11,90	11,50	11,10	10,70	10,29	9,88	9,46	16,77
14/06/2019 20:05:00	17,16	17,28	17,02	16,70	16,36	15,88	15,41	14,98	14,56	14,12	13,65	13,20	12,76	12,34	11,93	11,52	11,12	10,71	10,30	9,88	9,47	16,64
14/06/2019 20:10:00	17,42	17,26	16,96	16,62	16,21	15,80	15,41	15,03	14,58	14,09	13,59	13,12	12,65	12,22	11,79	11,39	10,98	10,56	10,14	9,71	9,28	17,90
14/06/2019 20:15:00	17,65	17,30	16,96	16,58	16,13	15,74	15,33	14,87	14,47	14,08	13,61	13,17	12,73	12,33	11,92	11,54	11,15	10,76	10,36	9,95	9,54	18,77
14/06/2019 20:20:00	17,65	17,45	17,13	16,77	16,34	15,93	15,51	15,05	14,58	14,11	13,65	13,21	12,77	12,36	11,94	11,53	11,12	10,70	10,28	9,85	9,42	19,31
14/06/2019 20:25:00	17,55	17,54	17,14	16,73	16,33	15,87	15,41	14,97	14,51	14,04	13,54	13,09	12,63	12,20	11,78	11,37	10,97	10,55	10,14	9,71	9,28	18,53
14/06/2019 20:30:00	17,52	17,39	17,09	16,76	16,37	15,97	15,54	15,04	14,59	14,16	13,69	13,24	12,79	12,37	11,95	11,54	11,12	10,70	10,28	9,85	9,42	17,95
14/06/2019 20:35:00	17,64	17,41	17,09	16,74	16,35	15,98	15,57	15,08	14,64	14,20	13,69	13,21	12,73	12,29	11,85	11,43	11,01	10,59	10,16	9,72	9,28	19,12
14/06/2019 20:40:00	17,66	17,52	17,15	16,73	16,26	15,85	15,42	14,92	14,45	14,00	13,49	13,03	12,56	12,13	11,71	11,30	10,89	10,48	10,07	9,64	9,22	18,84
14/06/2019 20:45:00	17,69	17,46	17,14	16,77	16,31	15,89	15,45	14,96	14,49	14,00	13,52	13,06	12,60	12,18	11,75	11,33	10,92	10,50	10,08	9,65	9,22	18,36
14/06/2019 20:50:00	17,68	17,39	16,99	16,55	16,10	15,64	15,20	14,76	14,31	13,86	13,37	12,91	12,46	12,05	11,63	11,24	10,84	10,44	10,03	9,62	9,20	18,36
14/06/2019 20:55:00	17,59	17,33	16,90	16,48	16,05	15,62	15,18	14,73	14,29	13,86	13,47	13,08	12,69	12,32	11,94	11,56	11,17	10,78	10,38	9,98	9,57	18,57
14/06/2019 21:00:00	17,58	17,33	17,01	16,62	16,09	15,65	15,22	14,75	14,31	13,88	13,45	13,04	12,63	12,24	11,86	11,47	11,09	10,70	10,31	9,91	9,51	18,23
14/06/2019 21:05:00	17,62	17,34	16,93	16,52	16,13	15,68	15,23	14,82	14,36	13,87	13,42	12,99	12,56	12,16	11,75	11,35	10,94	10,53	10,12	9,70	9,27	18,54
14/06/2019 21:10:00	17,50	17,32	16,97	16,57	16,15	15,68	15,22	14,78	14,37	13,97	13,45	12,99	12,52	12,10	11,69	11,30	10,91	10,51	10,11	9,71	9,30	18,31
14/06/2019 21:15:00	17,51	17,35	16,95	16,51	16,06	15,62	15,16	14,66	14,22	13,79	13,31	12,86	12,42	12,00	11,59	11,20	10,80	10,40	10,00	9,59	9,17	17,96
14/06/2019 21:20:00	17,33	17,15	16,83	16,48	16,09	15,71	15,28	14,79	14,38	14,00	13,50	13,04	12,57	12,15	11,73	11,33	10,93	10,52	10,11	9,69	9,27	17,44
14/06/2019 21:25:00	17,22	17,22	16,85	16,43	15,97	15,55	15,09	14,57	14,12	13,71	13,29	12,89	12,49	12,10	11,72	11,33	10,94	10,55	10,15	9,75	9,36	16,90
14/06/2019 21:30:00	17,14	17,18	16,79	16,34	15,90	15,49	15,06	14,58	14,13	13,69	13,23	12,80	12,37	11,97	11,57	11,18	10,79	10,39	9,99	9,59	9,18	16,66
14/06/2019 21:35:00	17,00	17,10	16,80	16,42	15,97	15,52	15,08	14,63	14,15	13,66	13,24	12,84	12,44	12,04	11,65	11,25	10,85	10,45	10,04	9,64	9,23	16,44
14/06/2019 21:40:00	16,84	17,12	16,82	16,44	16,03	15,53	15,02	14,50	14,05	13,64	13,16	12,73	12,29	11,88	11,47	11,07	10,67	10,27	9,87	9,48	9,08	16,29
14/06/2019 21:45:00	16,93	16,92	16,64	16,30	15,88	15,43	14,98	14,57	14,11	13,63	13,18	12,76	12,33	11,93	11,52	11,12	10,72	10,32	9,91	9,50	9,09	16,10
14/06/2019 21:50:00	16,76	16,94	16,73	16,40	15,91	15,46	15,01	14,56	14,10	13,63	13,12	12,65	12,18	11,76	11,33	10,92	10,52	10,12	9,72	9,31	8,91	15,80
14/06/2019 21:55:00	16,41	16,53	16,29	15,94	15,46	14,96	14,47	13,98	13,55	13,14	12,72	12,32	11,92	11,54	11,16	10,78	10,39	10,02	9,64	9,27	8,89	15,92
14/06/2019 22:00:00	16,00	16,11	15,91	15,64	15,31	14,89	14,46	14,02	13,55	13,05	12,55	12,08	11,60	11,16	10,71	10,29	9,86	9,45	9,03	8,60	8,18	15,87
14/06/2019 22:05:00	15,83	16,09	15,87	15,56	15,16	14,74	14,33	13,91	13,42	12,91	12,50	12,10	11,69	11,29	10,89	10,49	10,08	9,68	9,28	8,87	8,46	15,70
14/06/2019 22:10:00	15,65	16,11	15,87	15,56	15,23	14,73	14,25	13,79	13,31	12,82	12,41	12,01	11,61	11,21	10,82	10,41	10,00	9,60	9,20	8,80	8,40	15,46
14/06/2019 22:15:00	15,65	15,99	15,76	15,48	15,19	14,76	14,31	13,87	13,43	12,98	12,49	12,03	11,56	11,14	10,71	10,30	9,89	9,48	9,07	8,66	8,25	15,61
14/06/2019 22:20:00	15,59	15,75	15,53	15,25	14,94	14,50	14,06	13,66	13,20	12,73	12,38	12,02	11,66	11,29	10,92	10,52	10,13	9,74	9,34	8,95	8,55	15,40
14/06/2019 22:25:00	15,27	15,44	15,28	15,05	14,71	14,35	13,94	13,49	13,09	12,69	12,27	11,86	11,45	11,06	10,67	10,28	9,88	9,50	9,11	8,72	8,32	15,29
14/06/2019 22:30:00	15,20	15,25	15,12	14,95	14,69	14,33	13,95	13,60	13,16	12,70	12,31	11,91	11,51	11,12	10,72	10,32	9,91	9,51	9,11	8,69	8,28	15,14
14/06/2019 22:35:00	15,13	15,18	15,08	14,93	14,70	14,38	14,03	13,68	13,31	12,92	12,42	11,95	11,47	11,04	10,61	10,21	9,82	9,42	9,02	8,60	8,19	15,04
14/06/2019 22:40:00	14,96	15,03	14,98	14,82	14,47	14,10	13,72	13,36	12,93	12,48	12,06	11,65	11,23	10,84	10,44	10,04	9,64	9,25	8,86	8,47	8,07	15,00
14/06/2019 22:45:00	14,93	15,03	14,91	14,72	14,42	14,13	13,78	13,37	12,95	12,52	12,11	11,69	11,27	10,87	10,47	10,07	9,66	9,26	8,87	8,46	8,05	14,90
14/06/2019 22:50:00	14,85	14,90	14,76	14,59	14,36	14,04	13,67	13,28	12,84	12,38	11,98	11,56	11,15	10,74	10,33	9,92	9,51	9,10	8,69	8,27	7,85	14,85
14/06/2019 22:55:00	14,84	15,00	14,84	14,60	14,23	13,90	13,57	13,24	12,85	12,44	11,98	11,55	11,13	10,73	10,34	9,97	9,60	9,22	8,85	8,47	8,08	14,80
14/06/2019 23:00:00	14,86	14,87	14,70	14,50	14,28	13,95	13,61	13,27	12,89	12,49	12,03	11,60	11,16	10,75	10,35	9,96	9,57	9,18	8,79	8,39	7,99	14,59
14/06/2019 23:05:00	14,53	14,70	14,52	14,31	14,06	13,74	13,40	13,03	12,63	12,22	11,84	11,47	11,09	10,71	10,34	9,96	9,57	9,19	8,80	8,41	8,02	14,60
14/06/2019 23:10:00	14,45	14,45	14,30	14,12	13,90	13,62	13,30	12,93	12,58	12,22	11,83	11,45	11,06	10,69	10,32	9,94	9,56	9,19	8,81	8,42	8,03	14,40
14/06/2019 23:15:00	14,38	14,41	14,23	14,02	13,79	13,45	13,10	12,75	12,38	12,01	11,67	11,32	10,97	10,62	10,26	9,89	9,53	9,16	8,79	8,41	8,04	14,27
14/06/2019 23:20:00	14,33	14,31	14,19	14,01	13,73	13,46	13,17	12,83	12,50	12,16	11,75	11,36	10,96	10,59	10,22	9,86	9,50	9,14	8,78	8,40	8,03	14,19
14/06/2019 23:25:00	14,06	14,21	14,14	13,98	13,71	13,42	13,08	12,69	12,31	11,92	11,52	11,11	10,71	10,32	9,93	9,54	9,15	8,78	8,40	8,01	7,63	14,06
14/06/2019 23:30:00	14,13	14,28	14,10	13,88	13,63	13,37	13,03	12,60	12,27	11,96	11,56	11,18	10,80	10,43	10,06	9,70	9,33	8,97	8,60	8,23	7,85	14,14
14/06/2019 23:35:00	14,13	14,35	14,31	14,14	13,80	13,46	13,14	12,83	12,41	11,95	11,53	11,11	10,70	10,30	9,91	9,52	9,14	8,76	8,38	8,00	7,62	14,12
14/06/2019 23:40:00	14,10	14,27	14,24	14,14	13,91	13,58	13,23	12,87	12,51	12,13	11,64	11,18	10,72	10,30	9,87	9,48	9,09	8,70	8,32	7,93	7,53	14,08
14/06/2019 23:45:00	14,01	14,26	14,12	13,97	13,82	13,49	13,12	12,74	12,41	12,06	11,66	11,26	10,86	10,47	10,09	9,71	9,33	8,96	8,58	8,19	7,81	13,87
14/06/2019 23:50:00	13,94	14,25	14,21	14,04	13,69	13,38	13,04	12,67	12,29	11,90	11,50	11,11	10,72	10,35	9,97	9,60	9,23	8,87	8,50	8,14	7,77	13,99
14/06/2019 23:55:00	13,90	14,13	14,05	13,92	13,73	13,35	12,97	12,61	12,25	11,87	11,46	11,06	10,66	10,27	9,88	9,50	9,11	8,74	8,36	7,98	7,60	13,93
