FileFormat:0002.2 file with temperature of atmosphere
SN105HE102
local	GMT or Local
0	GMT-Local=[hours]
0	Height[m]
0	0	0	Longitude                [grd]               [min]               [sec]
0	0	0	Latitude                [grd]               [min]               [sec]
N	NS
56,45	Freq[GHz]
0,00	dTemostat[K]
0,150	MessErr[K]
0,248	//[grad/step]
version 14.4.20120406
MTP5HE102F5645K-38.60I70D219217+A1.1
Commentary:
SN105HE102
парабола ДНА = 2,5 град
НЕ102 - ПУ - ХВБ с ЦСД " S "
АЦП - 202 - 09 с контр.U пит.и М
оптопара серии - 2
Т out № 178 пл
БП LPS - 112
End Of Commentary

SYSTEM\summer.dat
data time	0	50	100	150	200	250	300	350	400	450	500	550	600	650	700	750	800	850	900	950	1000	OutsideTemperature
03/06/2019 00:00:00	12,01	12,99	12,89	12,64	12,29	11,82	11,34	10,85	10,32	9,79	9,28	8,80	8,31	7,87	7,42	7,01	6,59	6,21	5,84	5,48	5,12	11,19
03/06/2019 00:05:00	11,80	12,81	12,86	12,71	12,33	11,85	11,35	10,82	10,30	9,80	9,32	8,85	8,38	7,94	7,50	7,07	6,65	6,27	5,89	5,54	5,18	10,93
03/06/2019 00:10:00	11,14	12,83	12,95	12,80	12,42	11,88	11,35	10,81	10,29	9,79	9,27	8,79	8,31	7,86	7,41	7,00	6,58	6,21	5,84	5,50	5,17	10,82
03/06/2019 00:15:00	11,56	12,83	12,82	12,66	12,39	11,94	11,49	11,02	10,50	9,97	9,45	8,96	8,47	8,01	7,55	7,13	6,71	6,32	5,93	5,56	5,19	10,58
03/06/2019 00:20:00	11,50	12,78	12,89	12,76	12,39	11,90	11,46	11,05	10,50	9,94	9,40	8,90	8,40	7,94	7,48	7,06	6,64	6,25	5,87	5,51	5,15	10,85
03/06/2019 00:25:00	11,31	12,79	12,86	12,72	12,42	11,98	11,51	11,01	10,57	10,09	9,49	8,96	8,43	7,96	7,49	7,08	6,67	6,30	5,93	5,58	5,23	10,78
03/06/2019 00:30:00	11,31	12,71	12,80	12,65	12,28	11,89	11,45	10,96	10,53	10,07	9,55	9,08	8,61	8,19	7,76	7,36	6,97	6,61	6,25	5,91	5,57	10,70
03/06/2019 00:35:00	11,23	12,53	12,66	12,59	12,35	11,96	11,57	11,19	10,71	10,20	9,62	9,10	8,57	8,10	7,63	7,21	6,80	6,41	6,03	5,65	5,28	10,37
03/06/2019 00:40:00	10,88	12,40	12,65	12,62	12,31	11,89	11,44	10,96	10,50	10,02	9,50	9,01	8,52	8,07	7,61	7,20	6,78	6,41	6,04	5,69	5,34	10,28
03/06/2019 00:45:00	10,69	12,34	12,69	12,73	12,43	11,97	11,51	11,05	10,55	10,05	9,55	9,06	8,58	8,12	7,67	7,23	6,80	6,42	6,04	5,68	5,33	10,10
03/06/2019 00:50:00	10,77	12,52	12,75	12,74	12,51	12,11	11,67	11,20	10,62	10,07	9,59	9,11	8,63	8,16	7,70	7,25	6,79	6,38	5,98	5,59	5,20	10,00
03/06/2019 00:55:00	11,09	12,50	12,61	12,49	12,15	11,68	11,23	10,79	10,31	9,85	9,40	8,97	8,55	8,14	7,74	7,34	6,95	6,59	6,24	5,91	5,57	10,19
03/06/2019 01:00:00	11,10	12,77	12,91	12,79	12,44	11,96	11,46	10,95	10,45	9,93	9,37	8,86	8,35	7,88	7,42	6,99	6,57	6,20	5,82	5,47	5,12	10,17
03/06/2019 01:05:00	11,02	13,00	13,05	12,84	12,43	11,94	11,44	10,92	10,39	9,89	9,41	8,97	8,54	8,12	7,71	7,30	6,90	6,54	6,19	5,86	5,53	10,14
03/06/2019 01:10:00	10,78	12,79	13,02	12,97	12,69	12,17	11,65	11,13	10,59	10,05	9,51	9,00	8,49	8,02	7,54	7,10	6,65	6,26	5,87	5,51	5,15	10,43
03/06/2019 01:15:00	10,75	12,55	12,86	12,82	12,41	12,05	11,63	11,15	10,67	10,16	9,57	9,04	8,51	8,04	7,57	7,15	6,73	6,36	5,98	5,63	5,28	10,06
03/06/2019 01:20:00	11,02	12,82	13,00	12,88	12,50	12,03	11,54	11,03	10,54	10,03	9,46	8,95	8,45	7,98	7,52	7,11	6,69	6,32	5,95	5,61	5,26	9,96
03/06/2019 01:25:00	11,02	12,76	12,99	12,92	12,58	12,05	11,58	11,16	10,60	10,04	9,49	8,99	8,48	8,02	7,55	7,12	6,69	6,31	5,93	5,57	5,22	10,45
03/06/2019 01:30:00	10,87	12,64	12,89	12,87	12,58	12,18	11,75	11,28	10,72	10,17	9,63	9,12	8,61	8,13	7,65	7,20	6,76	6,36	5,96	5,58	5,20	10,17
03/06/2019 01:35:00	11,14	12,74	12,89	12,77	12,41	11,98	11,51	11,02	10,51	10,00	9,47	8,98	8,49	8,04	7,59	7,17	6,75	6,38	6,00	5,65	5,30	10,37
03/06/2019 01:40:00	11,10	12,70	12,81	12,67	12,32	11,94	11,49	10,95	10,49	10,02	9,51	9,04	8,57	8,14	7,70	7,29	6,88	6,51	6,15	5,80	5,45	10,42
03/06/2019 01:45:00	11,11	12,67	12,83	12,74	12,40	12,06	11,62	11,07	10,59	10,10	9,56	9,06	8,56	8,10	7,64	7,22	6,79	6,41	6,02	5,66	5,29	10,41
03/06/2019 01:50:00	11,03	12,85	12,95	12,77	12,36	11,86	11,38	10,89	10,36	9,87	9,42	9,01	8,60	8,20	7,79	7,40	7,00	6,64	6,29	5,96	5,63	10,55
03/06/2019 01:55:00	11,34	12,70	12,81	12,68	12,35	11,87	11,46	11,08	10,55	10,04	9,57	9,13	8,69	8,27	7,85	7,45	7,04	6,68	6,31	5,96	5,61	10,70
03/06/2019 02:00:00	11,31	12,57	12,78	12,73	12,40	12,00	11,55	11,06	10,59	10,09	9,53	9,00	8,48	8,01	7,53	7,11	6,68	6,30	5,91	5,55	5,19	10,95
03/06/2019 02:05:00	10,79	12,21	12,46	12,48	12,30	11,98	11,63	11,24	10,80	10,32	9,77	9,26	8,75	8,28	7,82	7,40	6,98	6,59	6,21	5,83	5,46	10,66
03/06/2019 02:10:00	11,46	12,81	12,90	12,77	12,42	11,96	11,48	10,97	10,44	9,94	9,47	9,02	8,57	8,14	7,71	7,29	6,87	6,49	6,11	5,76	5,40	11,10
03/06/2019 02:15:00	11,27	12,54	12,74	12,73	12,51	12,15	11,74	11,31	10,78	10,24	9,68	9,14	8,60	8,11	7,62	7,17	6,72	6,31	5,90	5,51	5,11	11,27
03/06/2019 02:20:00	11,16	12,17	12,42	12,51	12,43	12,08	11,71	11,34	10,90	10,40	9,84	9,30	8,75	8,26	7,76	7,32	6,88	6,48	6,07	5,67	5,27	10,98
03/06/2019 02:25:00	10,89	11,91	12,33	12,51	12,39	12,13	11,82	11,46	11,03	10,56	10,05	9,54	9,03	8,56	8,09	7,65	7,21	6,80	6,40	6,00	5,60	10,24
03/06/2019 02:30:00	11,01	12,41	12,76	12,82	12,58	12,28	11,91	11,48	10,94	10,40	9,87	9,34	8,82	8,33	7,84	7,38	6,93	6,52	6,10	5,70	5,30	10,42
03/06/2019 02:35:00	10,93	12,40	12,71	12,73	12,45	12,09	11,67	11,21	10,73	10,24	9,74	9,25	8,76	8,30	7,85	7,42	6,99	6,60	6,21	5,84	5,47	10,77
03/06/2019 02:40:00	10,57	12,18	12,53	12,60	12,39	12,07	11,73	11,36	10,91	10,43	9,92	9,43	8,95	8,50	8,05	7,63	7,21	6,83	6,45	6,08	5,71	10,05
03/06/2019 02:45:00	10,64	12,26	12,63	12,70	12,48	12,15	11,76	11,33	10,92	10,45	9,86	9,33	8,79	8,31	7,83	7,40	6,98	6,59	6,21	5,84	5,47	9,80
03/06/2019 02:50:00	10,64	12,51	12,93	13,01	12,73	12,37	11,99	11,59	11,06	10,53	10,01	9,51	9,02	8,55	8,08	7,64	7,20	6,80	6,41	6,03	5,65	9,63
03/06/2019 02:55:00	11,22	12,97	13,12	13,05	12,80	12,35	11,88	11,38	10,89	10,38	9,82	9,31	8,80	8,33	7,86	7,43	7,00	6,61	6,22	5,85	5,48	10,34
03/06/2019 03:00:00	10,95	12,73	13,00	13,01	12,75	12,36	11,92	11,45	10,94	10,41	9,82	9,27	8,72	8,23	7,73	7,29	6,84	6,44	6,04	5,66	5,28	10,71
03/06/2019 03:05:00	10,32	11,96	12,46	12,66	12,50	12,22	11,85	11,42	10,98	10,46	9,83	9,24	8,65	8,12	7,60	7,14	6,68	6,26	5,85	5,45	5,05	10,28
03/06/2019 03:10:00	9,68	11,30	11,88	12,19	12,17	12,00	11,75	11,46	11,02	10,58	10,11	9,64	9,16	8,70	8,24	7,80	7,36	6,96	6,55	6,15	5,75	9,15
03/06/2019 03:15:00	9,74	11,15	11,74	12,12	12,25	12,14	11,92	11,63	11,29	10,88	10,35	9,82	9,30	8,81	8,33	7,89	7,44	7,02	6,61	6,19	5,77	9,59
03/06/2019 03:20:00	10,54	12,03	12,29	12,33	12,18	11,92	11,60	11,21	10,83	10,41	9,91	9,45	8,98	8,55	8,12	7,72	7,32	6,95	6,57	6,21	5,84	9,53
03/06/2019 03:25:00	10,55	11,88	12,19	12,29	12,16	11,93	11,61	11,22	10,78	10,33	9,84	9,37	8,89	8,44	7,99	7,57	7,14	6,74	6,35	5,96	5,57	10,70
03/06/2019 03:30:00	10,22	11,53	12,00	12,23	12,18	12,02	11,79	11,51	11,14	10,71	10,17	9,66	9,15	8,68	8,22	7,80	7,38	6,99	6,59	6,20	5,81	10,68
03/06/2019 03:35:00	10,65	12,18	12,55	12,67	12,55	12,24	11,88	11,47	11,01	10,53	10,05	9,58	9,10	8,64	8,18	7,74	7,30	6,90	6,50	6,11	5,72	10,83
03/06/2019 03:40:00	10,40	11,86	12,24	12,42	12,40	12,17	11,84	11,44	11,06	10,64	10,15	9,67	9,19	8,73	8,28	7,85	7,41	7,01	6,61	6,22	5,83	11,12
03/06/2019 03:45:00	10,48	11,76	12,14	12,29	12,21	12,07	11,80	11,43	11,00	10,57	10,17	9,75	9,32	8,90	8,47	8,04	7,62	7,22	6,82	6,42	6,03	10,33
03/06/2019 03:50:00	10,63	11,81	12,21	12,44	12,46	12,18	11,86	11,52	11,17	10,77	10,29	9,81	9,34	8,88	8,43	8,01	7,58	7,18	6,79	6,40	6,01	10,80
03/06/2019 03:55:00	10,60	12,08	12,53	12,71	12,59	12,41	12,12	11,74	11,34	10,88	10,34	9,81	9,29	8,81	8,33	7,90	7,46	7,06	6,66	6,26	5,86	10,96
03/06/2019 04:00:00	10,36	11,73	12,06	12,17	12,04	11,82	11,51	11,11	10,75	10,32	9,80	9,31	8,82	8,37	7,91	7,50	7,09	6,71	6,33	5,96	5,59	11,06
03/06/2019 04:05:00	9,99	11,30	11,88	12,20	12,22	12,17	11,95	11,60	11,27	10,85	10,32	9,78	9,25	8,77	8,28	7,84	7,40	6,99	6,58	6,16	5,75	10,45
03/06/2019 04:10:00	10,26	11,66	12,05	12,24	12,21	12,00	11,71	11,35	10,99	10,56	10,04	9,53	9,03	8,57	8,10	7,68	7,25	6,86	6,46	6,07	5,68	10,40
03/06/2019 04:15:00	10,20	11,34	11,88	12,24	12,37	12,26	12,05	11,75	11,39	10,96	10,43	9,90	9,36	8,86	8,37	7,91	7,46	7,03	6,60	6,17	5,74	10,43
03/06/2019 04:20:00	10,18	10,92	11,36	11,65	11,75	11,66	11,47	11,23	10,96	10,63	10,19	9,73	9,28	8,85	8,43	8,03	7,63	7,24	6,86	6,47	6,08	10,50
03/06/2019 04:25:00	9,82	10,82	11,30	11,62	11,74	11,70	11,54	11,30	11,02	10,65	10,16	9,68	9,20	8,75	8,30	7,89	7,48	7,09	6,69	6,29	5,88	10,32
03/06/2019 04:30:00	9,48	10,48	10,90	11,23	11,46	11,46	11,42	11,35	11,21	11,01	10,73	10,43	10,13	9,82	9,51	9,18	8,85	8,51	8,18	7,82	7,47	9,40
03/06/2019 04:35:00	9,43	9,93	10,24	10,46	10,55	10,51	10,43	10,32	10,22	10,08	9,89	9,67	9,45	9,20	8,94	8,65	8,36	8,06	7,77	7,47	7,16	9,32
03/06/2019 04:40:00	10,01	10,89	10,93	10,87	10,74	10,60	10,49	10,40	10,15	9,95	9,84	9,71	9,58	9,39	9,20	8,93	8,67	8,40	8,13	7,85	7,57	10,10
03/06/2019 04:45:00	9,23	9,91	10,10	10,19	10,17	10,06	9,96	9,87	9,77	9,71	9,71	9,65	9,59	9,45	9,31	9,07	8,82	8,58	8,34	8,09	7,84	8,76
03/06/2019 04:50:00	10,41	10,61	10,51	10,38	10,24	10,02	9,89	9,83	9,67	9,59	9,63	9,62	9,61	9,51	9,41	9,19	8,97	8,75	8,52	8,29	8,06	11,79
03/06/2019 04:55:00	11,09	11,51	11,45	11,27	10,98	10,67	10,34	10,00	9,69	9,42	9,23	9,01	8,79	8,53	8,27	7,96	7,64	7,35	7,06	6,78	6,49	12,03
03/06/2019 05:00:00	11,42	11,76	11,66	11,51	11,31	10,98	10,67	10,36	10,02	9,69	9,37	9,04	8,71	8,39	8,06	7,72	7,38	7,06	6,73	6,41	6,09	11,26
03/06/2019 05:05:00	11,21	11,53	11,22	10,91	10,65	10,38	10,06	9,70	9,40	9,15	8,99	8,80	8,62	8,38	8,15	7,85	7,56	7,28	6,99	6,71	6,42	10,96
03/06/2019 05:10:00	11,43	11,80	11,71	11,58	11,42	11,19	10,91	10,60	10,27	9,93	9,55	9,19	8,83	8,47	8,12	7,77	7,42	7,08	6,74	6,39	6,05	11,72
03/06/2019 05:15:00	11,56	12,02	11,95	11,79	11,53	11,22	10,89	10,54	10,18	9,82	9,46	9,11	8,75	8,41	8,06	7,71	7,36	7,03	6,69	6,37	6,04	10,83
03/06/2019 05:20:00	10,79	10,71	10,87	10,89	10,67	10,40	10,15	9,92	9,59	9,23	8,86	8,48	8,10	7,74	7,38	7,02	6,67	6,34	6,01	5,68	5,35	10,96
03/06/2019 05:25:00	10,33	11,54	11,88	11,94	11,68	11,39	11,10	10,79	10,37	9,94	9,49	9,05	8,62	8,21	7,80	7,41	7,02	6,67	6,32	5,97	5,63	9,27
03/06/2019 05:30:00	10,96	11,70	11,73	11,63	11,39	11,08	10,76	10,44	10,09	9,77	9,47	9,16	8,86	8,54	8,22	7,88	7,54	7,22	6,91	6,59	6,28	9,98
03/06/2019 05:35:00	11,15	11,62	11,56	11,43	11,20	10,90	10,60	10,31	9,88	9,49	9,17	8,84	8,51	8,17	7,83	7,47	7,11	6,77	6,43	6,10	5,76	10,97
03/06/2019 05:40:00	11,29	11,62	11,49	11,30	11,04	10,71	10,37	10,04	9,68	9,32	8,95	8,59	8,23	7,89	7,54	7,20	6,86	6,53	6,21	5,89	5,57	11,86
03/06/2019 05:45:00	11,59	11,86	11,56	11,27	11,04	10,70	10,32	9,92	9,67	9,41	9,11	8,82	8,53	8,23	7,94	7,63	7,33	7,03	6,74	6,44	6,15	11,88
03/06/2019 05:50:00	11,52	11,76	11,61	11,41	11,17	10,88	10,56	10,20	9,91	9,62	9,31	9,00	8,69	8,38	8,07	7,75	7,42	7,11	6,80	6,49	6,18	12,46
03/06/2019 05:55:00	11,66	11,93	11,66	11,39	11,15	10,90	10,60	10,27	9,96	9,64	9,29	8,96	8,64	8,32	8,00	7,68	7,36	7,04	6,73	6,41	6,09	11,78
03/06/2019 06:00:00	11,69	11,89	11,78	11,65	11,53	11,25	10,98	10,72	10,39	10,03	9,60	9,20	8,80	8,42	8,04	7,69	7,34	6,99	6,65	6,30	5,94	12,24
03/06/2019 06:05:00	11,98	11,97	11,86	11,73	11,55	11,34	11,07	10,77	10,50	10,21	9,85	9,50	9,15	8,81	8,48	8,14	7,81	7,48	7,16	6,82	6,48	12,26
03/06/2019 06:10:00	11,88	12,27	12,18	12,03	11,81	11,50	11,17	10,84	10,46	10,07	9,70	9,33	8,95	8,59	8,23	7,86	7,50	7,15	6,81	6,46	6,11	12,30
03/06/2019 06:15:00	11,94	12,36	12,30	12,18	12,01	11,72	11,41	11,10	10,85	10,54	10,02	9,57	9,12	8,72	8,33	7,98	7,64	7,31	6,97	6,63	6,30	12,37
03/06/2019 06:20:00	12,02	12,63	12,75	12,72	12,48	12,16	11,85	11,56	11,16	10,73	10,29	9,87	9,44	9,04	8,63	8,25	7,86	7,50	7,14	6,77	6,41	12,12
03/06/2019 06:25:00	12,13	12,44	12,46	12,39	12,20	11,96	11,68	11,35	11,04	10,68	10,22	9,78	9,34	8,94	8,54	8,18	7,81	7,45	7,09	6,73	6,37	12,07
03/06/2019 06:30:00	11,86	12,53	12,54	12,43	12,20	11,94	11,64	11,31	10,85	10,40	10,03	9,66	9,28	8,90	8,52	8,13	7,74	7,37	6,99	6,62	6,25	11,87
03/06/2019 06:35:00	11,65	12,46	12,58	12,56	12,37	12,12	11,80	11,42	11,04	10,64	10,23	9,82	9,41	9,01	8,61	8,22	7,83	7,46	7,09	6,72	6,35	11,39
03/06/2019 06:40:00	11,59	12,30	12,25	12,20	12,19	12,04	11,80	11,50	11,18	10,82	10,39	9,98	9,57	9,17	8,78	8,41	8,03	7,66	7,29	6,90	6,51	11,27
03/06/2019 06:45:00	11,46	12,25	12,41	12,50	12,52	12,36	12,11	11,77	11,40	11,00	10,58	10,14	9,71	9,28	8,86	8,45	8,03	7,63	7,22	6,81	6,40	11,27
03/06/2019 06:50:00	11,61	12,30	12,43	12,48	12,45	12,29	12,05	11,73	11,33	10,88	10,33	9,80	9,27	8,80	8,32	7,90	7,47	7,06	6,65	6,23	5,81	11,10
03/06/2019 06:55:00	11,50	12,38	12,53	12,55	12,40	12,11	11,78	11,40	11,01	10,60	10,17	9,74	9,31	8,90	8,49	8,08	7,68	7,31	6,93	6,55	6,18	11,35
03/06/2019 07:00:00	11,57	12,18	12,29	12,33	12,28	12,09	11,83	11,54	11,16	10,78	10,45	10,08	9,71	9,34	8,96	8,57	8,18	7,80	7,42	7,03	6,64	11,35
03/06/2019 07:05:00	11,69	12,18	12,32	12,35	12,21	12,08	11,81	11,41	11,10	10,77	10,41	10,02	9,64	9,26	8,89	8,50	8,12	7,75	7,38	7,00	6,63	11,70
03/06/2019 07:10:00	11,43	12,20	12,35	12,38	12,27	12,12	11,86	11,49	11,15	10,77	10,31	9,86	9,41	8,99	8,57	8,17	7,78	7,40	7,01	6,63	6,24	11,53
03/06/2019 07:15:00	11,44	11,94	12,04	12,10	12,11	11,92	11,66	11,34	11,04	10,68	10,21	9,75	9,30	8,87	8,45	8,06	7,67	7,28	6,90	6,51	6,12	11,83
03/06/2019 07:20:00	11,35	11,82	11,92	11,98	11,99	11,82	11,59	11,31	11,00	10,67	10,35	9,99	9,64	9,28	8,92	8,54	8,17	7,80	7,43	7,06	6,68	11,76
03/06/2019 07:25:00	11,79	12,17	12,27	12,33	12,33	12,17	11,98	11,75	11,43	11,07	10,69	10,30	9,90	9,52	9,13	8,75	8,38	8,00	7,62	7,23	6,84	11,68
03/06/2019 07:30:00	11,75	12,03	12,28	12,43	12,41	12,29	12,12	11,89	11,53	11,15	10,77	10,37	9,96	9,56	9,16	8,76	8,36	7,96	7,57	7,16	6,75	11,87
03/06/2019 07:35:00	11,81	12,03	12,20	12,33	12,37	12,33	12,19	11,94	11,65	11,30	10,89	10,47	10,04	9,64	9,23	8,84	8,45	8,05	7,66	7,24	6,83	11,94
03/06/2019 07:40:00	11,95	12,07	12,22	12,32	12,32	12,28	12,15	11,95	11,61	11,25	10,91	10,54	10,16	9,78	9,40	9,02	8,63	8,24	7,85	7,44	7,03	11,92
03/06/2019 07:45:00	12,08	12,18	12,26	12,30	12,26	12,16	11,97	11,71	11,42	11,12	10,84	10,53	10,21	9,88	9,54	9,18	8,81	8,45	8,08	7,70	7,32	12,03
03/06/2019 07:50:00	12,19	12,14	12,21	12,27	12,27	12,24	12,13	11,96	11,68	11,38	11,08	10,75	10,42	10,08	9,74	9,38	9,03	8,66	8,29	7,90	7,51	12,08
03/06/2019 07:55:00	12,15	12,23	12,29	12,37	12,44	12,37	12,23	12,03	11,78	11,47	11,09	10,69	10,29	9,92	9,54	9,17	8,80	8,43	8,05	7,65	7,25	12,00
03/06/2019 08:00:00	12,10	12,18	12,23	12,26	12,22	12,10	11,96	11,82	11,58	11,31	11,00	10,68	10,36	10,04	9,72	9,38	9,05	8,71	8,37	8,01	7,64	12,20
03/06/2019 08:05:00	12,27	12,28	12,42	12,55	12,62	12,60	12,46	12,23	11,97	11,69	11,42	11,10	10,78	10,44	10,10	9,72	9,35	8,96	8,58	8,18	7,77	12,24
03/06/2019 08:10:00	12,25	12,39	12,45	12,54	12,62	12,59	12,46	12,25	12,01	11,72	11,33	10,94	10,54	10,16	9,78	9,42	9,05	8,67	8,29	7,88	7,47	12,22
03/06/2019 08:15:00	12,31	12,19	12,28	12,36	12,35	12,40	12,29	12,04	11,82	11,56	11,24	10,89	10,55	10,20	9,85	9,49	9,13	8,76	8,39	8,00	7,60	12,42
03/06/2019 08:20:00	12,48	12,44	12,46	12,50	12,53	12,45	12,30	12,10	11,87	11,62	11,33	11,01	10,70	10,37	10,04	9,70	9,35	8,99	8,63	8,25	7,86	12,44
03/06/2019 08:25:00	12,45	12,40	12,38	12,37	12,35	12,24	12,06	11,84	11,59	11,34	11,08	10,79	10,50	10,19	9,88	9,54	9,20	8,85	8,50	8,14	7,77	12,44
03/06/2019 08:30:00	12,41	12,36	12,41	12,46	12,46	12,38	12,21	11,96	11,72	11,45	11,13	10,79	10,45	10,11	9,76	9,40	9,05	8,68	8,32	7,93	7,55	12,45
03/06/2019 08:35:00	12,43	12,49	12,64	12,73	12,68	12,64	12,50	12,26	11,98	11,68	11,36	11,01	10,66	10,31	9,95	9,58	9,21	8,84	8,46	8,06	7,67	12,39
03/06/2019 08:40:00	12,48	12,39	12,52	12,63	12,64	12,57	12,46	12,32	12,07	11,77	11,43	11,06	10,69	10,34	9,98	9,62	9,26	8,89	8,52	8,13	7,73	12,42
03/06/2019 08:45:00	12,59	12,54	12,76	12,94	13,01	12,91	12,75	12,54	12,33	12,05	11,59	11,13	10,68	10,26	9,85	9,47	9,08	8,70	8,31	7,90	7,49	12,50
03/06/2019 08:50:00	12,61	12,63	12,79	12,97	13,11	13,04	12,89	12,68	12,40	12,07	11,70	11,30	10,89	10,49	10,10	9,70	9,29	8,89	8,48	8,05	7,61	12,54
03/06/2019 08:55:00	12,81	12,62	12,78	12,93	13,01	12,97	12,86	12,70	12,40	12,06	11,72	11,34	10,96	10,58	10,19	9,80	9,41	9,01	8,61	8,18	7,75	12,68
03/06/2019 09:00:00	12,79	12,69	12,81	12,96	13,07	13,00	12,89	12,74	12,47	12,13	11,72	11,30	10,87	10,47	10,06	9,68	9,29	8,89	8,48	8,05	7,62	12,73
03/06/2019 09:05:00	12,89	12,73	12,89	13,05	13,09	13,08	12,97	12,78	12,47	12,11	11,71	11,28	10,85	10,43	10,02	9,62	9,21	8,80	8,39	7,95	7,51	12,97
03/06/2019 09:10:00	13,16	13,01	13,14	13,25	13,25	13,20	13,08	12,90	12,63	12,30	11,85	11,40	10,95	10,53	10,12	9,73	9,35	8,95	8,56	8,13	7,71	13,09
03/06/2019 09:15:00	13,15	13,01	13,14	13,27	13,31	13,22	13,08	12,89	12,61	12,26	11,79	11,32	10,85	10,42	9,99	9,59	9,20	8,79	8,38	7,95	7,51	13,13
03/06/2019 09:20:00	13,35	13,08	13,13	13,21	13,26	13,16	13,01	12,83	12,59	12,28	11,84	11,39	10,95	10,54	10,14	9,76	9,38	8,99	8,60	8,18	7,76	13,30
03/06/2019 09:25:00	13,49	13,17	13,19	13,22	13,22	13,15	13,00	12,79	12,56	12,27	11,83	11,40	10,96	10,56	10,17	9,80	9,43	9,05	8,66	8,25	7,83	13,40
03/06/2019 09:30:00	13,56	13,36	13,28	13,26	13,25	13,17	13,01	12,78	12,50	12,17	11,72	11,28	10,85	10,44	10,04	9,66	9,28	8,89	8,50	8,07	7,65	13,65
03/06/2019 09:35:00	13,67	13,45	13,43	13,38	13,21	13,08	12,89	12,63	12,33	12,00	11,60	11,20	10,79	10,42	10,04	9,67	9,30	8,93	8,56	8,16	7,77	13,79
03/06/2019 09:40:00	13,92	13,54	13,52	13,52	13,46	13,36	13,21	13,01	12,73	12,40	12,03	11,64	11,25	10,87	10,50	10,13	9,76	9,37	8,98	8,57	8,16	13,83
03/06/2019 09:45:00	13,81	13,58	13,61	13,69	13,76	13,68	13,56	13,42	13,11	12,72	12,29	11,84	11,39	10,97	10,55	10,15	9,75	9,33	8,91	8,46	8,01	13,80
03/06/2019 09:50:00	13,74	13,64	13,69	13,71	13,62	13,50	13,33	13,10	12,75	12,36	11,96	11,55	11,14	10,74	10,34	9,94	9,55	9,15	8,74	8,32	7,89	13,75
03/06/2019 09:55:00	13,76	13,56	13,47	13,39	13,27	13,10	12,93	12,79	12,48	12,14	11,78	11,41	11,05	10,70	10,35	10,00	9,65	9,28	8,92	8,53	8,13	13,72
03/06/2019 10:00:00	13,72	13,51	13,60	13,66	13,58	13,45	13,26	13,02	12,75	12,42	11,97	11,52	11,07	10,66	10,25	9,86	9,48	9,09	8,69	8,28	7,86	13,72
03/06/2019 10:05:00	13,76	13,51	13,50	13,50	13,45	13,34	13,17	12,95	12,70	12,40	11,99	11,58	11,17	10,79	10,40	10,04	9,67	9,29	8,91	8,50	8,10	13,74
03/06/2019 10:10:00	13,83	13,52	13,42	13,36	13,31	13,17	13,01	12,83	12,52	12,18	11,85	11,51	11,16	10,81	10,46	10,10	9,73	9,35	8,97	8,57	8,16	13,90
03/06/2019 10:15:00	13,96	13,51	13,41	13,35	13,25	13,13	12,96	12,74	12,45	12,11	11,74	11,35	10,97	10,60	10,23	9,86	9,49	9,11	8,73	8,33	7,92	14,14
03/06/2019 10:20:00	14,01	13,65	13,53	13,43	13,28	13,07	12,83	12,60	12,31	11,97	11,58	11,18	10,79	10,42	10,05	9,69	9,33	8,96	8,59	8,21	7,82	14,59
03/06/2019 10:25:00	14,20	13,73	13,47	13,33	13,29	13,17	13,00	12,79	12,47	12,11	11,78	11,43	11,08	10,73	10,37	10,01	9,64	9,25	8,87	8,45	8,03	14,52
03/06/2019 10:30:00	14,36	13,95	13,70	13,49	13,30	13,06	12,81	12,55	12,21	11,84	11,48	11,11	10,74	10,39	10,03	9,67	9,31	8,95	8,58	8,19	7,80	14,82
03/06/2019 10:35:00	14,70	14,06	13,72	13,46	13,25	13,02	12,78	12,52	12,25	11,95	11,55	11,17	10,79	10,44	10,09	9,75	9,42	9,07	8,71	8,34	7,96	15,55
03/06/2019 10:40:00	15,02	14,32	13,99	13,79	13,69	13,54	13,33	13,06	12,70	12,27	11,83	11,39	10,94	10,52	10,11	9,71	9,32	8,91	8,50	8,05	7,61	16,07
03/06/2019 10:45:00	15,07	14,42	14,06	13,79	13,60	13,45	13,27	13,03	12,74	12,41	12,02	11,64	11,26	10,90	10,55	10,21	9,86	9,49	9,13	8,73	8,33	16,37
03/06/2019 10:50:00	14,99	14,41	13,99	13,65	13,40	13,19	12,97	12,72	12,43	12,12	11,81	11,50	11,19	10,89	10,58	10,26	9,94	9,60	9,26	8,89	8,52	15,60
03/06/2019 10:55:00	15,07	14,59	14,27	14,00	13,75	13,47	13,19	12,90	12,58	12,22	11,82	11,44	11,05	10,69	10,32	9,97	9,62	9,25	8,88	8,50	8,11	15,71
03/06/2019 11:00:00	15,15	14,57	14,20	13,89	13,60	13,33	13,04	12,73	12,42	12,11	11,70	11,32	10,93	10,58	10,22	9,88	9,54	9,19	8,83	8,46	8,08	15,51
03/06/2019 11:05:00	15,24	14,76	14,33	13,92	13,55	13,21	12,89	12,58	12,23	11,88	11,53	11,20	10,87	10,55	10,23	9,90	9,57	9,23	8,89	8,53	8,18	15,97
03/06/2019 11:10:00	15,52	14,88	14,43	14,04	13,70	13,33	12,98	12,65	12,28	11,90	11,54	11,19	10,83	10,49	10,15	9,80	9,45	9,10	8,75	8,38	8,01	16,15
03/06/2019 11:15:00	15,73	15,10	14,63	14,25	13,95	13,67	13,38	13,04	12,69	12,32	11,80	11,33	10,86	10,45	10,04	9,67	9,31	8,93	8,55	8,15	7,74	16,19
03/06/2019 11:20:00	15,69	15,20	14,65	14,17	13,81	13,43	13,05	12,66	12,27	11,89	11,52	11,16	10,81	10,46	10,12	9,77	9,42	9,06	8,71	8,34	7,97	16,57
03/06/2019 11:25:00	15,58	15,20	14,76	14,30	13,85	13,42	12,99	12,55	12,14	11,74	11,38	11,02	10,67	10,32	9,98	9,62	9,27	8,92	8,57	8,21	7,86	16,29
03/06/2019 11:30:00	15,66	15,20	14,79	14,34	13,86	13,46	13,11	12,77	12,41	12,03	11,68	11,34	11,01	10,69	10,36	10,04	9,71	9,38	9,04	8,70	8,35	16,02
03/06/2019 11:35:00	15,62	15,12	14,71	14,30	13,87	13,46	13,08	12,73	12,33	11,93	11,59	11,26	10,92	10,59	10,25	9,91	9,56	9,21	8,86	8,51	8,15	16,20
03/06/2019 11:40:00	15,72	15,19	14,70	14,25	13,90	13,56	13,20	12,78	12,44	12,10	11,69	11,30	10,91	10,55	10,20	9,85	9,50	9,14	8,79	8,42	8,04	16,48
03/06/2019 11:45:00	15,78	15,16	14,66	14,23	13,91	13,58	13,21	12,80	12,42	12,04	11,67	11,31	10,94	10,59	10,24	9,88	9,52	9,15	8,78	8,40	8,01	16,57
03/06/2019 11:50:00	15,78	15,19	14,70	14,27	13,91	13,62	13,32	13,00	12,63	12,23	11,83	11,45	11,07	10,71	10,35	10,00	9,65	9,29	8,92	8,54	8,15	16,52
03/06/2019 11:55:00	15,93	15,37	14,90	14,45	14,01	13,63	13,25	12,86	12,45	12,03	11,63	11,24	10,86	10,50	10,13	9,78	9,42	9,05	8,69	8,32	7,94	17,23
03/06/2019 12:00:00	15,87	15,33	14,80	14,33	13,93	13,56	13,18	12,79	12,33	11,86	11,48	11,11	10,73	10,37	10,00	9,63	9,26	8,88	8,50	8,11	7,72	16,99
03/06/2019 12:05:00	15,57	15,05	14,62	14,21	13,79	13,45	13,09	12,68	12,30	11,92	11,55	11,19	10,83	10,48	10,14	9,78	9,43	9,08	8,72	8,35	7,99	16,01
03/06/2019 12:10:00	15,59	15,13	14,67	14,25	13,91	13,56	13,18	12,74	12,36	12,00	11,65	11,29	10,94	10,59	10,25	9,89	9,54	9,17	8,81	8,44	8,07	16,16
03/06/2019 12:15:00	15,63	15,13	14,64	14,19	13,82	13,49	13,14	12,77	12,41	12,05	11,69	11,35	11,01	10,68	10,34	10,01	9,67	9,32	8,97	8,61	8,24	16,14
03/06/2019 12:20:00	15,70	15,22	14,71	14,21	13,76	13,33	12,91	12,50	12,11	11,74	11,33	10,95	10,57	10,22	9,87	9,52	9,18	8,84	8,49	8,14	7,79	16,29
03/06/2019 12:25:00	15,77	15,24	14,69	14,19	13,80	13,49	13,17	12,82	12,48	12,13	11,70	11,31	10,93	10,58	10,22	9,89	9,56	9,21	8,86	8,49	8,12	16,32
03/06/2019 12:30:00	15,66	15,21	14,71	14,24	13,84	13,48	13,11	12,73	12,39	12,05	11,65	11,29	10,92	10,58	10,24	9,91	9,58	9,23	8,89	8,53	8,17	16,14
03/06/2019 12:35:00	15,60	15,17	14,71	14,26	13,82	13,44	13,08	12,72	12,33	11,93	11,61	11,29	10,97	10,65	10,33	9,99	9,65	9,31	8,96	8,61	8,25	15,92
03/06/2019 12:40:00	15,80	15,47	15,05	14,63	14,20	13,76	13,35	12,99	12,60	12,22	11,88	11,55	11,22	10,89	10,56	10,22	9,88	9,53	9,18	8,83	8,47	15,82
03/06/2019 12:45:00	15,79	15,55	15,12	14,68	14,29	13,84	13,43	13,09	12,70	12,30	11,94	11,59	11,25	10,91	10,58	10,23	9,89	9,54	9,19	8,83	8,47	15,65
03/06/2019 12:50:00	15,64	15,46	15,01	14,59	14,22	13,85	13,49	13,15	12,78	12,40	11,99	11,62	11,25	10,89	10,54	10,20	9,85	9,50	9,14	8,77	8,40	15,67
03/06/2019 12:55:00	15,62	15,44	15,03	14,63	14,29	13,89	13,50	13,14	12,78	12,44	12,08	11,74	11,40	11,07	10,74	10,40	10,05	9,70	9,35	8,99	8,63	15,70
03/06/2019 13:00:00	15,65	15,34	14,87	14,46	14,17	13,84	13,49	13,15	12,77	12,39	12,08	11,77	11,45	11,13	10,81	10,46	10,11	9,75	9,39	9,01	8,63	15,66
03/06/2019 13:05:00	15,61	15,42	14,99	14,56	14,19	13,82	13,47	13,13	12,78	12,43	12,10	11,79	11,47	11,16	10,85	10,52	10,19	9,85	9,50	9,15	8,79	15,65
03/06/2019 13:10:00	15,62	15,30	14,83	14,41	14,12	13,81	13,51	13,21	12,86	12,50	12,17	11,84	11,52	11,20	10,88	10,55	10,21	9,86	9,50	9,13	8,75	15,65
03/06/2019 13:15:00	15,62	15,28	14,80	14,37	14,03	13,65	13,24	12,80	12,42	12,06	11,73	11,39	11,06	10,73	10,40	10,05	9,69	9,33	8,98	8,61	8,24	15,69
03/06/2019 13:20:00	15,58	15,21	14,72	14,26	13,91	13,49	13,13	12,84	12,51	12,17	11,79	11,45	11,11	10,79	10,47	10,15	9,83	9,49	9,16	8,81	8,46	15,58
03/06/2019 13:25:00	15,42	15,14	14,72	14,27	13,78	13,37	13,00	12,64	12,30	11,97	11,63	11,32	11,00	10,70	10,40	10,08	9,76	9,44	9,12	8,80	8,47	15,43
03/06/2019 13:30:00	15,01	14,83	14,47	14,10	13,71	13,40	13,10	12,78	12,48	12,20	11,96	11,72	11,48	11,22	10,96	10,66	10,36	10,04	9,72	9,40	9,07	15,17
03/06/2019 13:35:00	14,52	14,38	14,11	13,84	13,59	13,42	13,22	12,98	12,76	12,57	12,44	12,28	12,12	11,91	11,70	11,42	11,14	10,84	10,53	10,20	9,87	14,75
03/06/2019 13:40:00	14,22	14,18	14,02	13,81	13,54	13,35	13,14	12,89	12,68	12,51	12,37	12,21	12,05	11,85	11,64	11,36	11,08	10,77	10,47	10,15	9,83	14,59
03/06/2019 13:45:00	14,13	14,17	14,04	13,85	13,60	13,37	13,13	12,89	12,69	12,49	12,26	12,03	11,80	11,55	11,30	11,01	10,71	10,40	10,09	9,77	9,44	14,27
03/06/2019 13:50:00	14,10	14,20	14,00	13,81	13,63	13,39	13,16	12,97	12,76	12,55	12,35	12,14	11,93	11,69	11,45	11,16	10,87	10,56	10,24	9,91	9,58	14,10
03/06/2019 13:55:00	14,17	14,37	14,21	14,00	13,74	13,49	13,24	13,00	12,70	12,40	12,17	11,93	11,69	11,42	11,14	10,82	10,50	10,17	9,83	9,48	9,13	14,17
03/06/2019 14:00:00	14,38	14,24	14,05	13,89	13,78	13,63	13,41	13,13	12,88	12,63	12,36	12,08	11,80	11,50	11,20	10,86	10,53	10,17	9,82	9,44	9,07	14,22
03/06/2019 14:05:00	14,45	14,29	14,11	13,92	13,68	13,53	13,35	13,12	12,82	12,53	12,29	12,04	11,78	11,50	11,22	10,90	10,57	10,23	9,88	9,52	9,15	14,44
03/06/2019 14:10:00	14,60	14,33	14,10	13,90	13,75	13,52	13,30	13,13	12,90	12,65	12,39	12,13	11,87	11,59	11,32	11,01	10,70	10,36	10,03	9,67	9,31	14,68
03/06/2019 14:15:00	14,76	14,48	14,30	14,12	13,92	13,69	13,43	13,16	12,91	12,66	12,30	11,96	11,61	11,28	10,95	10,62	10,29	9,94	9,59	9,22	8,85	14,84
03/06/2019 14:20:00	14,92	14,50	14,27	14,08	13,91	13,74	13,55	13,32	13,05	12,74	12,37	12,00	11,64	11,29	10,94	10,60	10,26	9,89	9,52	9,13	8,73	14,90
03/06/2019 14:25:00	15,03	14,66	14,38	14,12	13,89	13,65	13,39	13,11	12,82	12,51	12,14	11,78	11,41	11,07	10,73	10,39	10,05	9,69	9,33	8,95	8,57	15,15
03/06/2019 14:30:00	15,15	14,83	14,50	14,20	13,96	13,67	13,35	13,02	12,71	12,41	12,06	11,72	11,39	11,06	10,73	10,38	10,04	9,69	9,33	8,96	8,59	15,18
03/06/2019 14:35:00	15,31	14,85	14,49	14,18	13,92	13,62	13,31	13,00	12,70	12,40	11,99	11,61	11,22	10,87	10,51	10,17	9,83	9,48	9,13	8,75	8,38	15,45
03/06/2019 14:40:00	15,26	14,91	14,54	14,23	13,99	13,72	13,41	13,06	12,68	12,31	11,98	11,65	11,31	10,97	10,62	10,26	9,90	9,52	9,15	8,75	8,36	15,25
03/06/2019 14:45:00	15,15	14,96	14,66	14,33	13,97	13,59	13,22	12,86	12,54	12,22	11,84	11,49	11,13	10,80	10,46	10,12	9,78	9,44	9,10	8,75	8,40	15,01
03/06/2019 14:50:00	14,88	14,76	14,45	14,12	13,82	13,46	13,12	12,82	12,55	12,30	12,09	11,87	11,65	11,41	11,16	10,86	10,56	10,24	9,93	9,61	9,29	14,87
03/06/2019 14:55:00	14,50	14,60	14,43	14,20	13,91	13,64	13,36	13,06	12,78	12,52	12,29	12,06	11,82	11,55	11,29	10,97	10,65	10,33	10,00	9,66	9,32	14,64
03/06/2019 15:00:00	14,59	14,62	14,42	14,20	13,98	13,73	13,48	13,26	13,03	12,80	12,58	12,36	12,14	11,89	11,64	11,34	11,04	10,72	10,40	10,06	9,72	14,49
03/06/2019 15:05:00	14,41	14,50	14,29	14,04	13,78	13,57	13,35	13,12	12,86	12,63	12,47	12,30	12,12	11,90	11,68	11,39	11,09	10,77	10,46	10,13	9,79	14,51
03/06/2019 15:10:00	14,41	14,63	14,43	14,21	13,98	13,68	13,39	13,11	12,79	12,50	12,32	12,12	11,92	11,66	11,41	11,08	10,76	10,42	10,08	9,74	9,39	14,34
03/06/2019 15:15:00	14,39	14,41	14,20	13,98	13,75	13,51	13,27	13,03	12,84	12,70	12,60	12,48	12,36	12,18	11,99	11,72	11,45	11,16	10,86	10,55	10,24	14,17
03/06/2019 15:20:00	14,24	14,51	14,39	14,21	13,97	13,73	13,45	13,14	12,86	12,60	12,41	12,19	11,97	11,71	11,45	11,13	10,80	10,47	10,13	9,79	9,45	13,97
03/06/2019 15:25:00	14,28	14,47	14,36	14,21	14,00	13,77	13,52	13,27	12,99	12,71	12,41	12,12	11,83	11,52	11,22	10,89	10,55	10,21	9,86	9,50	9,13	14,06
03/06/2019 15:30:00	14,40	14,49	14,42	14,30	14,11	13,79	13,48	13,21	12,94	12,66	12,32	11,98	11,65	11,32	10,99	10,65	10,30	9,95	9,60	9,24	8,88	14,07
03/06/2019 15:35:00	14,39	14,59	14,50	14,32	14,04	13,69	13,36	13,06	12,80	12,53	12,21	11,89	11,58	11,28	10,97	10,64	10,31	9,98	9,65	9,32	8,98	14,20
03/06/2019 15:40:00	14,21	14,36	14,22	14,03	13,78	13,56	13,31	13,01	12,80	12,59	12,31	12,03	11,76	11,48	11,20	10,89	10,58	10,26	9,94	9,60	9,27	14,23
03/06/2019 15:45:00	14,22	14,20	14,07	13,90	13,65	13,42	13,20	13,01	12,85	12,71	12,56	12,41	12,26	12,06	11,86	11,59	11,32	11,03	10,74	10,44	10,13	14,12
03/06/2019 15:50:00	14,15	14,41	14,23	13,99	13,70	13,38	13,07	12,79	12,52	12,30	12,18	12,03	11,89	11,68	11,47	11,18	10,88	10,58	10,28	9,97	9,66	13,96
03/06/2019 15:55:00	14,19	14,31	14,19	14,02	13,81	13,54	13,29	13,06	12,78	12,53	12,39	12,21	12,03	11,80	11,57	11,26	10,94	10,62	10,30	9,96	9,62	13,97
03/06/2019 16:00:00	13,86	14,17	14,09	13,94	13,72	13,39	13,06	12,74	12,45	12,18	11,91	11,63	11,35	11,05	10,75	10,42	10,08	9,75	9,41	9,07	8,73	14,00
03/06/2019 16:05:00	13,91	14,32	14,20	14,00	13,74	13,43	13,12	12,81	12,47	12,14	11,85	11,56	11,26	10,95	10,64	10,30	9,95	9,61	9,26	8,91	8,55	13,83
03/06/2019 16:10:00	14,10	14,27	14,13	13,94	13,69	13,37	13,05	12,73	12,39	12,07	11,79	11,50	11,21	10,90	10,59	10,24	9,90	9,55	9,20	8,85	8,49	14,08
03/06/2019 16:15:00	14,16	14,40	14,25	14,01	13,67	13,39	13,09	12,76	12,45	12,17	11,95	11,72	11,49	11,22	10,95	10,64	10,32	9,99	9,67	9,34	9,00	14,15
03/06/2019 16:20:00	14,01	14,10	13,99	13,84	13,64	13,44	13,22	12,99	12,75	12,53	12,33	12,11	11,89	11,63	11,38	11,07	10,77	10,44	10,11	9,77	9,43	14,08
03/06/2019 16:25:00	14,12	14,24	14,09	13,89	13,66	13,37	13,06	12,76	12,47	12,20	11,95	11,69	11,43	11,14	10,86	10,53	10,20	9,86	9,53	9,18	8,84	14,01
03/06/2019 16:30:00	14,19	14,33	14,14	13,94	13,76	13,49	13,18	12,83	12,56	12,29	11,93	11,58	11,24	10,90	10,56	10,22	9,88	9,53	9,18	8,81	8,45	13,97
03/06/2019 16:35:00	14,12	14,27	14,12	13,91	13,63	13,34	13,07	12,82	12,50	12,17	11,83	11,50	11,18	10,86	10,54	10,20	9,87	9,53	9,18	8,83	8,47	13,99
03/06/2019 16:40:00	14,14	14,17	14,00	13,81	13,57	13,26	12,94	12,63	12,28	11,95	11,68	11,40	11,12	10,81	10,50	10,15	9,80	9,45	9,10	8,74	8,38	14,17
03/06/2019 16:45:00	14,02	14,16	13,92	13,66	13,42	13,04	12,70	12,42	12,16	11,93	11,73	11,52	11,31	11,07	10,82	10,52	10,22	9,92	9,61	9,30	8,99	13,97
03/06/2019 16:50:00	13,85	13,92	13,78	13,58	13,31	13,01	12,73	12,49	12,26	12,07	11,96	11,82	11,68	11,48	11,28	11,00	10,72	10,42	10,13	9,83	9,53	13,82
03/06/2019 16:55:00	13,81	13,81	13,56	13,31	13,05	12,81	12,56	12,32	12,04	11,82	11,72	11,59	11,46	11,26	11,06	10,77	10,48	10,18	9,87	9,56	9,24	13,54
03/06/2019 17:00:00	13,52	13,50	13,30	13,08	12,85	12,62	12,41	12,23	12,07	11,93	11,77	11,61	11,46	11,26	11,06	10,81	10,55	10,27	9,99	9,70	9,41	13,50
03/06/2019 17:05:00	13,33	13,44	13,25	13,00	12,71	12,43	12,20	12,01	11,83	11,68	11,56	11,44	11,31	11,13	10,96	10,71	10,46	10,19	9,93	9,65	9,38	13,25
03/06/2019 17:10:00	13,25	13,13	12,95	12,78	12,62	12,44	12,25	12,05	11,88	11,73	11,64	11,51	11,38	11,19	11,00	10,73	10,46	10,17	9,88	9,58	9,27	13,07
03/06/2019 17:15:00	13,08	13,10	12,93	12,73	12,50	12,25	12,02	11,82	11,62	11,46	11,37	11,25	11,13	10,95	10,77	10,51	10,25	9,97	9,69	9,40	9,12	12,92
03/06/2019 17:20:00	13,08	13,13	12,91	12,64	12,29	12,06	11,85	11,66	11,46	11,30	11,21	11,11	11,00	10,84	10,68	10,44	10,19	9,93	9,67	9,41	9,14	12,74
03/06/2019 17:25:00	12,94	13,03	12,88	12,68	12,42	12,22	12,00	11,74	11,49	11,29	11,25	11,16	11,07	10,89	10,72	10,44	10,16	9,87	9,57	9,27	8,97	12,75
03/06/2019 17:30:00	12,67	12,70	12,46	12,20	11,95	11,78	11,61	11,45	11,30	11,20	11,23	11,22	11,20	11,10	10,99	10,77	10,55	10,30	10,06	9,80	9,54	12,67
03/06/2019 17:35:00	12,51	12,53	12,29	12,04	11,79	11,66	11,51	11,33	11,18	11,10	11,13	11,12	11,10	11,00	10,89	10,67	10,44	10,20	9,95	9,69	9,43	12,55
03/06/2019 17:40:00	12,47	12,37	12,22	12,04	11,83	11,59	11,37	11,18	11,06	11,00	11,04	11,02	11,00	10,89	10,78	10,55	10,32	10,08	9,84	9,59	9,35	12,36
03/06/2019 17:45:00	12,26	12,30	12,09	11,88	11,69	11,50	11,34	11,22	11,12	11,10	11,20	11,25	11,29	11,23	11,16	10,96	10,76	10,54	10,31	10,08	9,84	12,24
03/06/2019 17:50:00	12,34	12,36	12,20	12,04	11,86	11,63	11,41	11,23	11,01	10,82	10,75	10,62	10,50	10,32	10,13	9,86	9,58	9,30	9,02	8,72	8,43	12,07
03/06/2019 17:55:00	12,06	12,09	11,95	11,77	11,55	11,33	11,08	10,82	10,56	10,34	10,17	9,97	9,77	9,54	9,30	9,00	8,71	8,41	8,12	7,82	7,51	11,98
03/06/2019 18:00:00	12,08	12,14	11,98	11,82	11,66	11,37	11,06	10,75	10,50	10,30	10,20	10,04	9,88	9,66	9,44	9,14	8,84	8,54	8,25	7,95	7,65	11,91
03/06/2019 18:05:00	12,05	12,08	11,90	11,64	11,30	11,03	10,77	10,53	10,39	10,29	10,24	10,17	10,10	9,97	9,83	9,60	9,38	9,15	8,92	8,69	8,45	11,70
03/06/2019 18:10:00	11,58	11,55	11,42	11,25	11,03	10,82	10,60	10,37	10,28	10,24	10,24	10,20	10,16	10,04	9,92	9,69	9,47	9,24	9,01	8,77	8,53	11,62
03/06/2019 18:15:00	11,57	11,53	11,35	11,17	11,03	10,88	10,74	10,60	10,54	10,51	10,52	10,49	10,47	10,36	10,25	10,05	9,84	9,61	9,38	9,14	8,89	11,59
03/06/2019 18:20:00	11,60	11,42	11,25	11,09	10,95	10,85	10,72	10,57	10,51	10,50	10,54	10,53	10,52	10,42	10,32	10,12	9,91	9,68	9,45	9,20	8,95	11,52
03/06/2019 18:25:00	11,43	11,48	11,40	11,25	11,01	10,86	10,72	10,60	10,40	10,31	10,45	10,51	10,56	10,48	10,41	10,18	9,96	9,72	9,48	9,24	8,99	11,43
03/06/2019 18:30:00	11,49	11,57	11,42	11,25	11,04	10,85	10,60	10,33	10,23	10,19	10,19	10,14	10,10	9,97	9,85	9,61	9,38	9,14	8,91	8,66	8,42	11,39
03/06/2019 18:35:00	11,43	11,52	11,41	11,27	11,08	10,83	10,65	10,53	10,40	10,30	10,29	10,23	10,18	10,05	9,91	9,69	9,46	9,22	8,99	8,74	8,50	11,40
03/06/2019 18:40:00	11,35	11,60	11,49	11,33	11,12	10,87	10,64	10,45	10,30	10,18	10,08	9,95	9,83	9,66	9,48	9,24	8,99	8,75	8,50	8,25	8,00	11,38
03/06/2019 18:45:00	11,55	11,66	11,54	11,37	11,18	10,99	10,81	10,63	10,43	10,26	10,13	9,99	9,84	9,64	9,45	9,18	8,92	8,65	8,38	8,10	7,82	11,50
03/06/2019 18:50:00	11,52	11,82	11,63	11,44	11,28	11,05	10,86	10,72	10,49	10,34	10,30	10,22	10,15	9,99	9,84	9,59	9,34	9,08	8,81	8,54	8,28	11,44
03/06/2019 18:55:00	11,62	11,85	11,67	11,46	11,23	10,99	10,82	10,70	10,50	10,35	10,27	10,18	10,08	9,92	9,77	9,53	9,29	9,04	8,79	8,53	8,27	11,47
03/06/2019 19:00:00	11,58	11,74	11,54	11,35	11,17	10,96	10,77	10,60	10,45	10,33	10,26	10,16	10,07	9,91	9,75	9,51	9,27	9,02	8,77	8,51	8,25	11,92
03/06/2019 19:05:00	11,78	11,73	11,62	11,48	11,29	11,13	10,99	10,88	10,72	10,58	10,44	10,29	10,14	9,95	9,76	9,51	9,26	9,00	8,74	8,46	8,19	11,84
03/06/2019 19:10:00	11,69	11,84	11,77	11,65	11,46	11,31	11,12	10,92	10,73	10,58	10,51	10,39	10,27	10,09	9,91	9,64	9,37	9,10	8,83	8,54	8,26	11,78
03/06/2019 19:15:00	11,66	11,71	11,65	11,55	11,42	11,30	11,16	11,00	10,84	10,73	10,71	10,64	10,57	10,41	10,26	10,01	9,75	9,48	9,21	8,93	8,65	11,61
03/06/2019 19:20:00	11,58	11,66	11,79	11,84	11,77	11,72	11,61	11,46	11,30	11,16	11,09	10,95	10,82	10,62	10,41	10,13	9,84	9,54	9,24	8,93	8,62	11,63
03/06/2019 19:25:00	11,76	11,85	11,92	11,92	11,84	11,75	11,61	11,45	11,31	11,19	11,10	10,96	10,81	10,62	10,42	10,14	9,87	9,58	9,29	8,99	8,69	11,83
03/06/2019 19:30:00	11,90	11,87	11,89	11,89	11,85	11,71	11,56	11,42	11,24	11,05	10,82	10,57	10,32	10,06	9,79	9,49	9,19	8,88	8,57	8,24	7,91	12,60
03/06/2019 19:35:00	11,78	11,95	11,98	11,97	11,88	11,78	11,59	11,32	11,17	11,01	10,79	10,54	10,30	10,04	9,77	9,47	9,17	8,86	8,55	8,22	7,90	12,27
03/06/2019 19:40:00	11,78	11,81	11,80	11,75	11,63	11,49	11,36	11,25	10,99	10,77	10,64	10,47	10,29	10,07	9,84	9,54	9,25	8,95	8,64	8,32	8,00	12,13
03/06/2019 19:45:00	11,98	11,99	11,89	11,82	11,80	11,67	11,52	11,35	11,19	11,04	10,88	10,70	10,51	10,29	10,06	9,78	9,50	9,20	8,90	8,58	8,26	12,00
03/06/2019 19:50:00	11,89	11,89	11,81	11,70	11,56	11,42	11,29	11,18	10,98	10,82	10,74	10,62	10,50	10,32	10,13	9,87	9,61	9,33	9,05	8,76	8,46	11,97
03/06/2019 19:55:00	11,84	11,91	11,82	11,73	11,67	11,56	11,44	11,31	11,20	11,10	10,98	10,84	10,70	10,52	10,33	10,08	9,83	9,55	9,28	8,99	8,70	11,87
03/06/2019 20:00:00	11,75	11,86	11,87	11,87	11,83	11,79	11,70	11,56	11,47	11,39	11,30	11,17	11,05	10,86	10,68	10,42	10,16	9,88	9,60	9,29	8,99	11,94
03/06/2019 20:05:00	11,84	11,80	11,85	11,90	11,91	11,88	11,81	11,70	11,56	11,41	11,25	11,05	10,85	10,62	10,38	10,09	9,80	9,49	9,18	8,84	8,51	11,94
03/06/2019 20:10:00	11,80	11,70	11,73	11,76	11,75	11,76	11,76	11,77	11,70	11,62	11,52	11,39	11,26	11,08	10,91	10,67	10,42	10,15	9,87	9,57	9,26	11,95
03/06/2019 20:15:00	11,91	12,11	12,21	12,28	12,32	12,26	12,21	12,19	12,12	12,04	11,93	11,80	11,66	11,47	11,29	11,03	10,78	10,49	10,21	9,90	9,59	11,90
03/06/2019 20:20:00	11,90	11,99	12,18	12,32	12,35	12,39	12,38	12,33	12,14	11,98	11,92	11,79	11,66	11,45	11,24	10,94	10,64	10,32	9,99	9,64	9,29	11,85
03/06/2019 20:25:00	11,89	12,01	12,17	12,26	12,25	12,16	12,10	12,08	11,95	11,82	11,70	11,54	11,39	11,18	10,97	10,70	10,43	10,14	9,84	9,53	9,21	11,89
03/06/2019 20:30:00	11,82	12,02	12,15	12,23	12,25	12,16	12,05	11,93	11,81	11,68	11,47	11,24	11,02	10,76	10,51	10,22	9,93	9,62	9,32	8,99	8,66	11,80
03/06/2019 20:35:00	11,87	11,94	12,09	12,20	12,25	12,17	12,12	12,09	11,96	11,83	11,68	11,49	11,30	11,08	10,85	10,57	10,29	9,98	9,67	9,34	9,01	11,87
03/06/2019 20:40:00	11,81	11,85	11,98	12,13	12,27	12,29	12,27	12,21	12,08	11,93	11,74	11,50	11,27	11,01	10,75	10,44	10,14	9,80	9,47	9,11	8,75	11,83
03/06/2019 20:45:00	11,82	11,90	12,03	12,13	12,14	12,15	12,06	11,90	11,74	11,56	11,33	11,07	10,82	10,54	10,25	9,94	9,62	9,29	8,96	8,61	8,25	11,83
03/06/2019 20:50:00	11,93	11,97	12,05	12,14	12,21	12,17	12,06	11,89	11,71	11,52	11,32	11,08	10,84	10,56	10,28	9,96	9,63	9,29	8,95	8,59	8,23	11,90
03/06/2019 20:55:00	11,77	11,96	12,10	12,19	12,16	12,02	11,86	11,69	11,50	11,29	11,03	10,75	10,47	10,17	9,88	9,56	9,24	8,91	8,58	8,24	7,89	11,95
03/06/2019 21:00:00	11,97	12,21	12,32	12,39	12,37	12,18	12,03	11,91	11,68	11,45	11,22	10,96	10,71	10,43	10,15	9,83	9,51	9,18	8,85	8,51	8,17	11,99
03/06/2019 21:05:00	11,98	12,09	12,27	12,42	12,49	12,40	12,30	12,22	12,00	11,75	11,47	11,16	10,84	10,53	10,21	9,87	9,53	9,17	8,82	8,45	8,07	11,96
03/06/2019 21:10:00	12,07	12,19	12,40	12,57	12,66	12,55	12,41	12,27	12,04	11,78	11,48	11,15	10,82	10,48	10,14	9,78	9,42	9,05	8,69	8,30	7,91	12,12
03/06/2019 21:15:00	12,06	12,20	12,40	12,58	12,69	12,60	12,46	12,29	12,07	11,81	11,51	11,18	10,85	10,50	10,16	9,80	9,44	9,07	8,70	8,31	7,92	11,99
03/06/2019 21:20:00	11,92	12,15	12,31	12,41	12,39	12,31	12,15	11,95	11,79	11,57	11,22	10,87	10,52	10,18	9,85	9,52	9,18	8,85	8,51	8,15	7,79	11,90
03/06/2019 21:25:00	11,92	11,91	12,04	12,10	12,03	12,00	11,88	11,68	11,56	11,39	11,07	10,76	10,45	10,14	9,84	9,53	9,22	8,90	8,58	8,24	7,90	11,92
03/06/2019 21:30:00	11,94	11,86	11,98	12,06	12,05	12,05	11,96	11,79	11,63	11,45	11,22	10,96	10,69	10,41	10,13	9,81	9,50	9,17	8,84	8,48	8,13	11,97
03/06/2019 21:35:00	11,78	11,87	12,00	12,10	12,12	12,13	12,04	11,87	11,68	11,47	11,24	10,98	10,72	10,43	10,14	9,81	9,49	9,14	8,80	8,43	8,07	11,90
03/06/2019 21:40:00	11,75	11,75	11,80	11,88	11,94	11,98	11,91	11,76	11,64	11,49	11,31	11,09	10,87	10,62	10,36	10,06	9,76	9,44	9,11	8,76	8,41	11,85
03/06/2019 21:45:00	11,72	11,81	11,92	12,07	12,22	12,28	12,23	12,11	11,91	11,66	11,37	11,05	10,72	10,39	10,06	9,71	9,36	8,99	8,63	8,23	7,83	11,75
03/06/2019 21:50:00	11,70	11,75	11,88	11,98	11,99	11,97	11,86	11,66	11,53	11,36	11,10	10,83	10,55	10,26	9,97	9,66	9,34	9,01	8,68	8,33	7,98	11,76
03/06/2019 21:55:00	11,54	11,56	11,63	11,68	11,67	11,70	11,65	11,53	11,32	11,13	10,99	10,79	10,60	10,36	10,12	9,81	9,50	9,18	8,86	8,51	8,16	11,73
03/06/2019 22:00:00	11,54	11,62	11,67	11,74	11,81	11,83	11,75	11,61	11,46	11,28	11,04	10,78	10,52	10,24	9,96	9,65	9,34	9,00	8,67	8,32	7,96	11,65
03/06/2019 22:05:00	11,58	11,57	11,65	11,74	11,81	11,82	11,77	11,67	11,55	11,37	11,09	10,80	10,51	10,22	9,93	9,63	9,32	9,00	8,67	8,32	7,96	11,61
03/06/2019 22:10:00	11,57	11,57	11,60	11,68	11,81	11,77	11,69	11,59	11,49	11,36	11,17	10,95	10,73	10,48	10,23	9,94	9,64	9,33	9,02	8,68	8,33	11,59
03/06/2019 22:15:00	11,56	11,50	11,59	11,71	11,82	11,76	11,68	11,62	11,47	11,27	11,02	10,75	10,48	10,19	9,91	9,59	9,28	8,95	8,62	8,27	7,91	11,53
03/06/2019 22:20:00	11,54	11,58	11,63	11,64	11,58	11,49	11,35	11,17	10,99	10,79	10,60	10,37	10,15	9,89	9,63	9,33	9,02	8,71	8,40	8,08	7,75	11,59
03/06/2019 22:25:00	11,51	11,53	11,63	11,69	11,64	11,62	11,54	11,42	11,19	10,96	10,78	10,55	10,32	10,06	9,79	9,48	9,16	8,84	8,51	8,17	7,82	11,50
03/06/2019 22:30:00	11,52	11,53	11,60	11,67	11,72	11,73	11,70	11,65	11,52	11,32	11,01	10,70	10,39	10,09	9,80	9,50	9,20	8,88	8,56	8,20	7,85	11,52
03/06/2019 22:35:00	11,49	11,48	11,55	11,62	11,65	11,64	11,57	11,47	11,30	11,11	10,94	10,73	10,51	10,26	10,01	9,70	9,40	9,08	8,76	8,42	8,07	11,59
03/06/2019 22:40:00	11,53	11,49	11,50	11,53	11,59	11,53	11,42	11,28	11,14	10,97	10,77	10,54	10,31	10,05	9,79	9,49	9,19	8,88	8,56	8,23	7,89	11,62
03/06/2019 22:45:00	11,55	11,47	11,49	11,47	11,36	11,22	11,04	10,84	10,71	10,54	10,27	10,00	9,73	9,45	9,18	8,89	8,60	8,31	8,01	7,70	7,40	11,63
03/06/2019 22:50:00	11,62	11,62	11,65	11,63	11,50	11,45	11,37	11,25	11,09	10,91	10,70	10,47	10,24	9,99	9,75	9,47	9,19	8,90	8,60	8,29	7,97	11,52
03/06/2019 22:55:00	11,52	11,57	11,56	11,52	11,42	11,31	11,21	11,12	10,87	10,64	10,50	10,32	10,13	9,90	9,67	9,38	9,09	8,78	8,48	8,15	7,83	11,52
03/06/2019 23:00:00	11,46	11,41	11,43	11,44	11,42	11,37	11,23	11,04	10,87	10,70	10,52	10,30	10,08	9,83	9,58	9,27	8,97	8,66	8,34	8,01	7,68	11,53
03/06/2019 23:05:00	11,52	11,51	11,56	11,56	11,46	11,45	11,37	11,23	11,08	10,91	10,67	10,42	10,17	9,91	9,65	9,36	9,08	8,78	8,47	8,15	7,83	11,53
03/06/2019 23:10:00	11,46	11,52	11,56	11,59	11,60	11,66	11,59	11,43	11,19	10,96	10,80	10,59	10,37	10,11	9,84	9,52	9,20	8,85	8,51	8,15	7,78	11,53
03/06/2019 23:15:00	11,53	11,52	11,57	11,58	11,51	11,51	11,43	11,29	11,12	10,95	10,77	10,56	10,34	10,10	9,85	9,56	9,27	8,96	8,65	8,32	7,99	11,57
03/06/2019 23:20:00	11,49	11,60	11,57	11,52	11,44	11,34	11,21	11,06	10,86	10,66	10,50	10,30	10,11	9,87	9,64	9,35	9,06	8,76	8,46	8,14	7,82	11,49
03/06/2019 23:25:00	11,44	11,53	11,46	11,42	11,44	11,29	11,13	10,97	10,78	10,58	10,34	10,08	9,83	9,56	9,28	8,98	8,68	8,37	8,05	7,72	7,39	11,49
03/06/2019 23:30:00	11,51	11,66	11,63	11,60	11,56	11,47	11,29	11,05	10,84	10,61	10,36	10,09	9,83	9,54	9,25	8,93	8,60	8,28	7,95	7,61	7,27	11,47
03/06/2019 23:35:00	11,59	11,59	11,49	11,43	11,41	11,29	11,13	10,95	10,74	10,52	10,28	10,02	9,77	9,49	9,21	8,91	8,60	8,28	7,96	7,63	7,29	11,50
03/06/2019 23:40:00	11,54	11,52	11,47	11,41	11,34	11,26	11,15	11,01	10,79	10,56	10,32	10,06	9,80	9,52	9,25	8,95	8,65	8,34	8,02	7,69	7,36	11,44
03/06/2019 23:45:00	11,45	11,63	11,65	11,69	11,73	11,62	11,48	11,33	11,21	11,03	10,71	10,40	10,08	9,78	9,48	9,18	8,88	8,56	8,25	7,91	7,58	11,43
03/06/2019 23:50:00	11,60	11,66	11,78	11,88	11,94	11,96	11,85	11,65	11,46	11,23	10,93	10,61	10,28	9,96	9,63	9,28	8,94	8,59	8,23	7,85	7,48	11,48
03/06/2019 23:55:00	11,56	11,56	11,61	11,69	11,78	11,82	11,77	11,65	11,46	11,24	11,02	10,75	10,49	10,20	9,91	9,59	9,27	8,92	8,58	8,21	7,84	11,52
