FileFormat:0002.2 file with temperature of atmosphere
SN105HE102
local	GMT or Local
0	GMT-Local=[hours]
0	Height[m]
0	0	0	Longitude                [grd]               [min]               [sec]
0	0	0	Latitude                [grd]               [min]               [sec]
N	NS
56,45	Freq[GHz]
0,00	dTemostat[K]
0,150	MessErr[K]
0,248	//[grad/step]
version 14.4.20120406
MTP5HE102F5645K-38.60I70D219217+A1.1
Commentary:
SN105HE102
парабола ДНА = 2,5 град
НЕ102 - ПУ - ХВБ с ЦСД " S "
АЦП - 202 - 09 с контр.U пит.и М
оптопара серии - 2
Т out № 178 пл
БП LPS - 112
End Of Commentary

SYSTEM\summer.dat
data time	0	50	100	150	200	250	300	350	400	450	500	550	600	650	700	750	800	850	900	950	1000	OutsideTemperature
24/06/2019 00:00:00	13,66	13,69	13,62	13,49	13,28	13,07	12,83	12,58	12,30	12,02	11,76	11,48	11,21	10,92	10,62	10,29	9,96	9,62	9,29	8,93	8,58	13,72
24/06/2019 00:05:00	13,79	13,93	13,90	13,81	13,62	13,38	13,13	12,88	12,63	12,38	12,07	11,76	11,46	11,15	10,84	10,51	10,18	9,84	9,50	9,15	8,79	13,74
24/06/2019 00:10:00	13,70	13,85	13,75	13,61	13,42	13,16	12,89	12,63	12,38	12,14	11,90	11,65	11,40	11,12	10,85	10,53	10,21	9,88	9,56	9,22	8,89	13,70
24/06/2019 00:15:00	13,66	13,78	13,72	13,59	13,37	13,19	12,96	12,70	12,41	12,13	11,92	11,67	11,43	11,15	10,87	10,55	10,22	9,88	9,54	9,18	8,83	13,50
24/06/2019 00:20:00	13,49	13,67	13,59	13,45	13,22	12,98	12,73	12,47	12,23	11,99	11,73	11,47	11,21	10,93	10,65	10,34	10,03	9,70	9,38	9,05	8,71	13,48
24/06/2019 00:25:00	13,54	13,47	13,31	13,16	12,98	12,73	12,48	12,23	11,97	11,72	11,50	11,25	11,01	10,74	10,47	10,15	9,83	9,51	9,18	8,84	8,50	13,42
24/06/2019 00:30:00	13,58	13,53	13,28	13,06	12,85	12,58	12,37	12,23	11,95	11,68	11,48	11,27	11,07	10,82	10,58	10,29	9,99	9,68	9,37	9,04	8,71	13,54
24/06/2019 00:35:00	13,48	13,50	13,20	12,91	12,66	12,37	12,10	11,87	11,62	11,37	11,13	10,89	10,66	10,40	10,15	9,86	9,57	9,27	8,97	8,65	8,34	13,46
24/06/2019 00:40:00	13,49	13,36	13,11	12,85	12,54	12,36	12,11	11,79	11,62	11,47	11,26	11,06	10,85	10,63	10,40	10,13	9,86	9,57	9,28	8,98	8,69	13,70
24/06/2019 00:45:00	13,41	13,27	13,00	12,73	12,49	12,28	12,08	11,87	11,61	11,39	11,27	11,12	10,97	10,76	10,56	10,28	10,00	9,70	9,41	9,09	8,78	13,85
24/06/2019 00:50:00	13,60	13,56	13,33	13,13	12,98	12,74	12,55	12,41	12,21	12,01	11,82	11,61	11,41	11,18	10,95	10,68	10,40	10,10	9,80	9,48	9,16	13,72
24/06/2019 00:55:00	13,64	13,57	13,35	13,14	12,96	12,76	12,59	12,45	12,26	12,08	11,92	11,76	11,59	11,39	11,18	10,91	10,65	10,35	10,06	9,75	9,43	13,53
24/06/2019 01:00:00	13,56	13,64	13,51	13,37	13,21	13,02	12,80	12,56	12,36	12,17	11,99	11,79	11,58	11,34	11,10	10,80	10,51	10,19	9,88	9,55	9,22	13,59
24/06/2019 01:05:00	13,68	13,45	13,27	13,12	12,97	12,84	12,69	12,55	12,39	12,25	12,16	12,03	11,90	11,72	11,53	11,27	11,01	10,71	10,42	10,10	9,78	13,64
24/06/2019 01:10:00	13,64	13,41	13,21	13,07	12,97	12,76	12,60	12,51	12,41	12,31	12,19	12,05	11,92	11,74	11,56	11,31	11,07	10,79	10,51	10,21	9,91	13,57
24/06/2019 01:15:00	13,48	13,33	13,16	13,02	12,92	12,77	12,65	12,56	12,42	12,29	12,19	12,06	11,94	11,75	11,57	11,32	11,06	10,77	10,49	10,17	9,86	13,50
24/06/2019 01:20:00	13,43	13,24	12,98	12,80	12,73	12,61	12,47	12,33	12,18	12,07	12,01	11,92	11,82	11,66	11,49	11,24	10,98	10,69	10,40	10,08	9,77	13,42
24/06/2019 01:25:00	13,39	13,19	12,98	12,78	12,57	12,46	12,33	12,17	12,03	11,90	11,77	11,63	11,49	11,30	11,11	10,86	10,61	10,33	10,05	9,74	9,44	13,27
24/06/2019 01:30:00	13,28	13,15	12,91	12,68	12,47	12,30	12,12	11,94	11,73	11,57	11,53	11,44	11,36	11,19	11,03	10,77	10,51	10,23	9,95	9,65	9,35	13,29
24/06/2019 01:35:00	13,34	13,18	12,89	12,66	12,54	12,37	12,21	12,08	11,92	11,78	11,72	11,62	11,53	11,36	11,20	10,95	10,70	10,42	10,15	9,85	9,54	13,29
24/06/2019 01:40:00	13,36	13,19	13,04	12,87	12,67	12,49	12,34	12,21	12,01	11,84	11,78	11,68	11,58	11,41	11,24	10,97	10,71	10,43	10,14	9,84	9,53	13,37
24/06/2019 01:45:00	13,47	13,26	13,02	12,80	12,61	12,47	12,35	12,25	12,07	11,91	11,79	11,65	11,51	11,32	11,14	10,89	10,63	10,35	10,06	9,76	9,45	13,22
24/06/2019 01:50:00	13,33	13,19	13,04	12,88	12,68	12,54	12,34	12,10	11,95	11,83	11,70	11,55	11,40	11,20	11,00	10,73	10,46	10,17	9,88	9,57	9,26	13,35
24/06/2019 01:55:00	13,40	13,18	12,98	12,77	12,52	12,42	12,29	12,11	11,96	11,82	11,66	11,49	11,32	11,12	10,92	10,66	10,40	10,12	9,84	9,53	9,23	13,32
24/06/2019 02:00:00	13,33	13,16	12,94	12,72	12,52	12,32	12,15	12,03	11,88	11,73	11,56	11,39	11,22	11,02	10,82	10,57	10,32	10,04	9,76	9,47	9,17	13,32
24/06/2019 02:05:00	13,35	13,07	12,88	12,73	12,64	12,51	12,36	12,21	12,05	11,90	11,77	11,61	11,45	11,25	11,04	10,77	10,49	10,19	9,89	9,57	9,24	13,32
24/06/2019 02:10:00	13,30	13,13	12,97	12,80	12,63	12,42	12,26	12,15	11,99	11,83	11,69	11,54	11,39	11,19	11,00	10,74	10,48	10,20	9,92	9,62	9,32	13,25
24/06/2019 02:15:00	13,22	13,07	12,99	12,89	12,73	12,65	12,52	12,35	12,18	12,04	11,92	11,77	11,62	11,41	11,21	10,93	10,66	10,35	10,05	9,73	9,41	13,23
24/06/2019 02:20:00	13,29	13,16	13,02	12,90	12,81	12,73	12,62	12,50	12,36	12,22	12,03	11,83	11,64	11,41	11,19	10,92	10,65	10,34	10,04	9,71	9,38	13,23
24/06/2019 02:25:00	13,24	13,13	12,98	12,86	12,75	12,64	12,51	12,36	12,24	12,12	11,94	11,75	11,57	11,35	11,13	10,87	10,60	10,31	10,01	9,69	9,37	13,21
24/06/2019 02:30:00	13,23	13,09	13,03	12,97	12,87	12,79	12,67	12,51	12,33	12,15	11,98	11,78	11,58	11,34	11,11	10,81	10,52	10,20	9,88	9,54	9,19	13,26
24/06/2019 02:35:00	13,28	13,25	13,12	12,98	12,80	12,65	12,48	12,30	12,12	11,95	11,80	11,63	11,46	11,24	11,03	10,75	10,48	10,18	9,88	9,56	9,25	13,22
24/06/2019 02:40:00	13,20	13,26	13,12	12,97	12,81	12,58	12,36	12,15	11,91	11,70	11,55	11,36	11,18	10,95	10,72	10,43	10,13	9,82	9,51	9,18	8,86	13,20
24/06/2019 02:45:00	13,39	13,25	13,10	12,93	12,71	12,55	12,37	12,19	11,99	11,78	11,55	11,32	11,09	10,84	10,59	10,30	10,01	9,71	9,40	9,07	8,75	13,37
24/06/2019 02:50:00	13,45	13,48	13,31	13,13	12,95	12,75	12,56	12,39	12,15	11,93	11,75	11,56	11,36	11,13	10,89	10,60	10,31	10,00	9,69	9,36	9,03	13,49
24/06/2019 02:55:00	13,36	13,44	13,29	13,12	12,93	12,72	12,51	12,31	12,11	11,93	11,74	11,54	11,35	11,12	10,89	10,61	10,33	10,03	9,73	9,41	9,10	13,27
24/06/2019 03:00:00	13,19	13,26	13,19	13,08	12,93	12,80	12,61	12,36	12,15	11,93	11,68	11,42	11,17	10,89	10,61	10,30	9,99	9,66	9,33	8,99	8,64	13,21
24/06/2019 03:05:00	13,25	13,30	13,19	13,08	12,98	12,80	12,60	12,41	12,16	11,91	11,70	11,47	11,24	10,97	10,71	10,39	10,07	9,74	9,41	9,06	8,71	13,25
24/06/2019 03:10:00	13,25	13,17	13,10	13,00	12,83	12,63	12,43	12,22	12,01	11,80	11,58	11,34	11,11	10,85	10,59	10,28	9,98	9,66	9,35	9,02	8,69	13,22
24/06/2019 03:15:00	13,29	13,24	13,19	13,13	13,01	12,80	12,57	12,35	12,10	11,85	11,62	11,36	11,10	10,82	10,53	10,21	9,88	9,54	9,21	8,85	8,50	13,25
24/06/2019 03:20:00	13,29	13,21	13,04	12,87	12,70	12,54	12,35	12,14	11,95	11,76	11,51	11,26	11,01	10,75	10,49	10,21	9,92	9,61	9,30	8,97	8,65	13,27
24/06/2019 03:25:00	13,21	13,20	13,07	12,90	12,65	12,46	12,24	12,00	11,80	11,62	11,46	11,28	11,09	10,87	10,65	10,37	10,09	9,80	9,50	9,20	8,89	13,28
24/06/2019 03:30:00	13,29	13,18	13,04	12,86	12,61	12,38	12,17	11,99	11,78	11,58	11,42	11,25	11,08	10,86	10,65	10,37	10,10	9,81	9,52	9,22	8,91	13,27
24/06/2019 03:35:00	13,32	13,11	12,95	12,79	12,64	12,56	12,41	12,18	12,00	11,81	11,63	11,42	11,21	10,97	10,72	10,43	10,14	9,83	9,51	9,17	8,84	13,25
24/06/2019 03:40:00	13,28	13,09	12,88	12,70	12,51	12,32	12,12	11,95	11,80	11,66	11,50	11,32	11,15	10,95	10,74	10,48	10,22	9,93	9,65	9,35	9,04	13,22
24/06/2019 03:45:00	13,27	13,13	12,98	12,82	12,62	12,44	12,25	12,03	11,81	11,61	11,45	11,27	11,09	10,86	10,64	10,34	10,05	9,75	9,44	9,12	8,80	13,27
24/06/2019 03:50:00	13,33	13,12	12,94	12,78	12,63	12,46	12,26	12,03	11,84	11,67	11,47	11,26	11,05	10,80	10,56	10,27	9,98	9,67	9,37	9,04	8,71	13,29
24/06/2019 03:55:00	13,38	13,11	12,90	12,66	12,37	12,16	11,99	11,87	11,67	11,50	11,39	11,26	11,13	10,95	10,77	10,52	10,27	10,00	9,73	9,45	9,16	13,24
24/06/2019 04:00:00	13,29	13,01	12,83	12,67	12,49	12,33	12,17	12,00	11,86	11,72	11,49	11,27	11,05	10,81	10,58	10,31	10,04	9,75	9,46	9,15	8,83	13,25
24/06/2019 04:05:00	13,24	13,01	12,78	12,57	12,37	12,25	12,11	11,95	11,78	11,63	11,54	11,41	11,29	11,11	10,93	10,68	10,42	10,14	9,86	9,55	9,25	13,25
24/06/2019 04:10:00	13,31	12,98	12,78	12,60	12,42	12,22	12,03	11,85	11,64	11,44	11,27	11,07	10,88	10,65	10,42	10,13	9,85	9,55	9,25	8,93	8,61	13,22
24/06/2019 04:15:00	13,13	12,80	12,54	12,32	12,15	11,95	11,78	11,64	11,44	11,25	11,08	10,90	10,72	10,50	10,29	10,02	9,75	9,46	9,17	8,86	8,55	13,12
24/06/2019 04:20:00	13,01	12,82	12,58	12,37	12,21	12,03	11,80	11,53	11,35	11,19	11,03	10,84	10,66	10,43	10,21	9,93	9,65	9,35	9,06	8,74	8,43	13,20
24/06/2019 04:25:00	13,13	12,78	12,47	12,24	12,11	11,93	11,77	11,64	11,47	11,33	11,23	11,10	10,97	10,79	10,61	10,36	10,10	9,82	9,54	9,24	8,94	13,22
24/06/2019 04:30:00	13,15	12,96	12,62	12,33	12,11	11,90	11,74	11,62	11,45	11,29	11,13	10,97	10,82	10,63	10,44	10,20	9,96	9,69	9,42	9,13	8,85	13,20
24/06/2019 04:35:00	13,10	12,77	12,53	12,29	12,06	11,86	11,67	11,50	11,37	11,25	11,06	10,87	10,69	10,49	10,28	10,04	9,79	9,52	9,26	8,97	8,69	13,13
24/06/2019 04:40:00	13,08	12,67	12,40	12,17	11,98	11,77	11,58	11,41	11,22	11,04	10,93	10,78	10,64	10,45	10,25	9,99	9,73	9,44	9,16	8,86	8,56	13,13
24/06/2019 04:45:00	13,13	12,77	12,50	12,25	12,02	11,82	11,63	11,45	11,30	11,15	10,94	10,74	10,54	10,32	10,10	9,85	9,59	9,31	9,04	8,75	8,45	13,07
24/06/2019 04:50:00	12,94	12,65	12,32	12,03	11,82	11,57	11,36	11,20	11,03	10,88	10,79	10,68	10,57	10,40	10,24	10,00	9,76	9,50	9,24	8,96	8,68	12,92
24/06/2019 04:55:00	12,85	12,46	12,08	11,80	11,66	11,46	11,27	11,10	10,97	10,86	10,73	10,60	10,46	10,28	10,10	9,86	9,62	9,35	9,09	8,80	8,51	12,78
24/06/2019 05:00:00	12,72	12,39	12,02	11,71	11,46	11,28	11,08	10,88	10,76	10,66	10,53	10,40	10,26	10,09	9,92	9,69	9,47	9,22	8,97	8,71	8,44	12,70
24/06/2019 05:05:00	12,63	12,41	12,05	11,73	11,48	11,29	11,10	10,89	10,71	10,56	10,42	10,27	10,12	9,93	9,74	9,50	9,26	8,99	8,73	8,45	8,17	12,69
24/06/2019 05:10:00	12,63	12,39	12,02	11,68	11,38	11,15	10,93	10,73	10,56	10,41	10,27	10,13	9,99	9,82	9,64	9,41	9,17	8,92	8,67	8,41	8,14	12,59
24/06/2019 05:15:00	12,69	12,29	11,93	11,62	11,35	11,14	10,95	10,77	10,60	10,45	10,34	10,21	10,07	9,90	9,73	9,49	9,25	9,00	8,75	8,48	8,21	12,64
24/06/2019 05:20:00	12,48	12,31	11,97	11,63	11,33	11,08	10,84	10,60	10,37	10,20	10,09	9,97	9,85	9,67	9,49	9,24	8,99	8,74	8,48	8,21	7,94	12,54
24/06/2019 05:25:00	12,51	12,35	11,98	11,61	11,28	10,90	10,59	10,36	10,17	10,01	9,88	9,74	9,61	9,44	9,26	9,03	8,79	8,56	8,32	8,08	7,84	12,54
24/06/2019 05:30:00	12,54	12,28	11,92	11,57	11,25	10,99	10,72	10,42	10,22	10,05	9,86	9,68	9,49	9,28	9,07	8,81	8,55	8,29	8,03	7,76	7,49	12,55
24/06/2019 05:35:00	12,55	12,38	11,96	11,56	11,23	10,96	10,70	10,44	10,18	9,95	9,77	9,58	9,40	9,18	8,97	8,71	8,44	8,17	7,90	7,63	7,35	12,53
24/06/2019 05:40:00	12,46	12,30	11,91	11,55	11,24	10,93	10,61	10,30	10,02	9,79	9,64	9,46	9,29	9,07	8,85	8,58	8,30	8,03	7,75	7,48	7,20	12,51
24/06/2019 05:45:00	12,47	12,27	11,97	11,66	11,37	10,99	10,69	10,47	10,26	10,05	9,79	9,54	9,29	9,05	8,80	8,54	8,27	8,01	7,75	7,48	7,21	12,50
24/06/2019 05:50:00	12,52	12,32	11,93	11,55	11,23	10,90	10,58	10,27	10,02	9,79	9,61	9,42	9,22	9,00	8,78	8,51	8,24	7,97	7,70	7,43	7,15	12,52
24/06/2019 05:55:00	12,52	12,29	11,94	11,56	11,15	10,80	10,52	10,29	10,05	9,84	9,67	9,50	9,33	9,13	8,93	8,69	8,44	8,19	7,95	7,70	7,45	12,54
24/06/2019 06:00:00	12,53	12,26	11,90	11,55	11,21	10,91	10,59	10,26	10,08	9,91	9,67	9,44	9,21	8,98	8,74	8,48	8,22	7,96	7,70	7,44	7,17	12,54
24/06/2019 06:05:00	12,52	12,31	11,94	11,57	11,21	10,90	10,58	10,26	9,97	9,71	9,54	9,34	9,15	8,92	8,69	8,41	8,12	7,84	7,57	7,28	7,00	12,49
24/06/2019 06:10:00	12,48	12,24	11,85	11,44	11,04	10,77	10,47	10,14	9,88	9,64	9,41	9,19	8,96	8,72	8,49	8,21	7,94	7,67	7,40	7,13	6,86	12,57
24/06/2019 06:15:00	12,49	12,16	11,85	11,50	11,12	10,72	10,41	10,18	9,91	9,67	9,45	9,23	9,02	8,79	8,56	8,29	8,03	7,77	7,51	7,24	6,98	12,52
24/06/2019 06:20:00	12,39	12,12	11,83	11,54	11,23	10,90	10,59	10,32	10,07	9,82	9,56	9,30	9,04	8,78	8,52	8,23	7,95	7,67	7,39	7,10	6,82	12,43
24/06/2019 06:25:00	12,47	12,29	11,90	11,52	11,20	10,91	10,63	10,36	10,10	9,87	9,66	9,46	9,26	9,03	8,80	8,53	8,26	7,99	7,72	7,44	7,17	12,45
24/06/2019 06:30:00	12,45	12,21	11,92	11,62	11,30	11,01	10,74	10,49	10,23	10,00	9,80	9,60	9,40	9,17	8,93	8,66	8,38	8,11	7,83	7,55	7,26	12,44
24/06/2019 06:35:00	12,39	12,15	11,83	11,54	11,28	11,01	10,76	10,52	10,27	10,05	9,89	9,70	9,52	9,30	9,08	8,81	8,53	8,26	7,98	7,69	7,40	12,44
24/06/2019 06:40:00	12,42	12,15	11,75	11,43	11,21	10,97	10,74	10,52	10,33	10,13	9,91	9,69	9,48	9,25	9,02	8,76	8,50	8,23	7,95	7,67	7,38	12,44
24/06/2019 06:45:00	12,45	12,15	11,82	11,51	11,21	10,89	10,61	10,38	10,15	9,92	9,69	9,45	9,22	8,98	8,74	8,47	8,20	7,94	7,67	7,39	7,11	12,39
24/06/2019 06:50:00	12,34	12,18	11,82	11,48	11,20	10,88	10,58	10,32	10,10	9,87	9,57	9,29	9,01	8,75	8,48	8,21	7,93	7,66	7,39	7,11	6,82	12,40
24/06/2019 06:55:00	12,38	12,08	11,75	11,44	11,19	10,94	10,73	10,53	10,32	10,09	9,81	9,56	9,30	9,04	8,79	8,52	8,25	7,98	7,70	7,41	7,12	12,44
24/06/2019 07:00:00	12,43	12,07	11,63	11,27	11,05	10,76	10,49	10,23	10,00	9,79	9,64	9,47	9,30	9,09	8,88	8,61	8,35	8,08	7,80	7,52	7,24	12,55
24/06/2019 07:05:00	12,51	12,21	11,87	11,52	11,16	10,82	10,54	10,33	10,09	9,87	9,68	9,50	9,31	9,10	8,89	8,63	8,38	8,12	7,87	7,61	7,34	12,54
24/06/2019 07:10:00	12,57	12,23	11,83	11,44	11,06	10,78	10,47	10,14	9,85	9,61	9,46	9,28	9,11	8,89	8,67	8,39	8,12	7,84	7,57	7,29	7,01	12,63
24/06/2019 07:15:00	12,56	12,14	11,80	11,43	10,99	10,72	10,46	10,21	9,88	9,59	9,43	9,24	9,06	8,84	8,61	8,34	8,06	7,78	7,51	7,23	6,94	12,57
24/06/2019 07:20:00	12,54	12,15	11,74	11,37	11,06	10,70	10,40	10,16	9,88	9,60	9,35	9,11	8,87	8,61	8,36	8,08	7,80	7,52	7,25	6,96	6,68	12,54
24/06/2019 07:25:00	12,60	12,19	11,81	11,43	11,04	10,74	10,46	10,20	9,94	9,69	9,46	9,23	9,01	8,77	8,53	8,27	8,00	7,73	7,46	7,19	6,91	12,63
24/06/2019 07:30:00	12,55	12,13	11,69	11,29	10,95	10,65	10,35	10,04	9,81	9,61	9,43	9,24	9,06	8,84	8,63	8,37	8,11	7,85	7,58	7,31	7,05	12,57
24/06/2019 07:35:00	12,59	12,16	11,79	11,43	11,08	10,76	10,44	10,14	9,90	9,68	9,44	9,21	8,98	8,73	8,49	8,22	7,95	7,68	7,41	7,14	6,86	13,05
24/06/2019 07:40:00	12,62	12,17	11,71	11,30	10,98	10,66	10,36	10,10	9,86	9,64	9,44	9,24	9,04	8,82	8,59	8,34	8,08	7,82	7,56	7,29	7,02	12,99
24/06/2019 07:45:00	12,63	12,19	11,75	11,34	11,00	10,68	10,40	10,17	9,84	9,54	9,35	9,15	8,94	8,71	8,47	8,19	7,91	7,63	7,35	7,07	6,78	13,14
24/06/2019 07:50:00	12,66	12,25	11,80	11,38	11,04	10,66	10,36	10,12	9,80	9,51	9,35	9,16	8,98	8,76	8,54	8,27	7,99	7,72	7,45	7,17	6,89	12,72
24/06/2019 07:55:00	12,67	12,32	11,87	11,48	11,19	10,82	10,49	10,21	10,05	9,89	9,62	9,39	9,15	8,92	8,69	8,44	8,19	7,94	7,69	7,43	7,17	12,72
24/06/2019 08:00:00	12,71	12,24	11,85	11,47	11,12	10,79	10,46	10,13	9,89	9,69	9,53	9,36	9,18	8,97	8,76	8,50	8,23	7,97	7,70	7,44	7,17	12,70
24/06/2019 08:05:00	12,72	12,35	11,93	11,54	11,18	10,88	10,60	10,34	10,11	9,88	9,60	9,36	9,11	8,86	8,61	8,35	8,08	7,82	7,55	7,27	6,99	12,93
24/06/2019 08:10:00	12,88	12,39	11,96	11,54	11,12	10,84	10,58	10,31	10,03	9,79	9,64	9,48	9,32	9,12	8,91	8,66	8,40	8,13	7,87	7,60	7,33	13,07
24/06/2019 08:15:00	12,92	12,39	11,93	11,51	11,16	10,83	10,53	10,26	10,05	9,86	9,62	9,41	9,19	8,96	8,74	8,48	8,23	7,97	7,72	7,45	7,18	13,29
24/06/2019 08:20:00	13,22	12,77	12,30	11,88	11,53	11,22	10,94	10,66	10,43	10,21	9,98	9,76	9,53	9,30	9,07	8,81	8,54	8,27	8,00	7,72	7,44	13,25
24/06/2019 08:25:00	13,35	12,84	12,36	11,91	11,52	11,17	10,86	10,60	10,32	10,07	9,91	9,74	9,57	9,36	9,16	8,90	8,63	8,37	8,10	7,82	7,55	13,13
24/06/2019 08:30:00	13,37	12,94	12,53	12,10	11,66	11,29	10,95	10,64	10,32	10,04	9,87	9,69	9,51	9,29	9,06	8,78	8,51	8,23	7,95	7,68	7,40	13,16
24/06/2019 08:35:00	13,50	12,98	12,50	12,07	11,73	11,35	10,99	10,67	10,41	10,19	9,98	9,76	9,55	9,32	9,08	8,81	8,53	8,26	7,98	7,70	7,42	13,78
24/06/2019 08:40:00	13,64	12,97	12,52	12,13	11,80	11,47	11,17	10,89	10,64	10,41	10,17	9,93	9,69	9,44	9,19	8,91	8,63	8,35	8,07	7,77	7,48	13,91
24/06/2019 08:45:00	13,65	13,07	12,55	12,08	11,67	11,33	11,01	10,72	10,43	10,17	9,98	9,78	9,59	9,37	9,14	8,87	8,61	8,33	8,06	7,77	7,49	13,86
24/06/2019 08:50:00	13,59	13,21	12,73	12,25	11,78	11,36	10,99	10,65	10,36	10,08	9,81	9,56	9,32	9,06	8,81	8,53	8,26	7,98	7,71	7,44	7,16	13,82
24/06/2019 08:55:00	13,75	13,16	12,66	12,21	11,82	11,45	11,11	10,82	10,49	10,17	9,95	9,71	9,48	9,23	8,97	8,68	8,39	8,10	7,80	7,50	7,20	13,50
24/06/2019 09:00:00	13,86	13,23	12,78	12,32	11,84	11,49	11,15	10,80	10,48	10,17	9,92	9,67	9,42	9,16	8,90	8,61	8,31	8,03	7,74	7,44	7,15	13,57
24/06/2019 09:05:00	13,92	13,34	12,87	12,40	11,95	11,58	11,23	10,89	10,59	10,29	9,96	9,66	9,36	9,07	8,78	8,49	8,20	7,91	7,61	7,31	7,01	14,24
24/06/2019 09:10:00	13,97	13,53	13,12	12,71	12,30	11,92	11,53	11,14	10,79	10,45	10,10	9,76	9,42	9,09	8,77	8,44	8,11	7,79	7,47	7,15	6,83	14,44
24/06/2019 09:15:00	13,84	13,44	13,04	12,61	12,16	11,73	11,34	10,97	10,65	10,35	10,05	9,77	9,49	9,21	8,93	8,63	8,33	8,04	7,74	7,45	7,16	14,29
24/06/2019 09:20:00	13,93	13,49	13,09	12,67	12,24	11,85	11,46	11,05	10,69	10,35	10,00	9,67	9,34	9,01	8,69	8,36	8,04	7,72	7,40	7,08	6,76	14,24
24/06/2019 09:25:00	13,91	13,49	13,05	12,58	12,09	11,64	11,24	10,88	10,53	10,21	9,99	9,76	9,53	9,28	9,03	8,73	8,44	8,15	7,86	7,58	7,29	13,90
24/06/2019 09:30:00	13,94	13,50	13,10	12,66	12,15	11,82	11,48	11,08	10,72	10,38	10,03	9,71	9,38	9,07	8,76	8,44	8,13	7,81	7,50	7,19	6,87	14,00
24/06/2019 09:35:00	14,00	13,59	13,13	12,69	12,31	11,88	11,47	11,08	10,72	10,37	10,05	9,73	9,41	9,10	8,79	8,46	8,14	7,82	7,50	7,18	6,86	14,09
24/06/2019 09:40:00	14,03	13,65	13,19	12,72	12,23	11,80	11,38	10,98	10,63	10,31	10,01	9,72	9,43	9,14	8,85	8,54	8,24	7,94	7,65	7,35	7,05	13,93
24/06/2019 09:45:00	14,08	13,63	13,14	12,69	12,27	11,84	11,46	11,12	10,76	10,43	10,17	9,92	9,66	9,39	9,11	8,81	8,50	8,20	7,90	7,60	7,29	14,22
24/06/2019 09:50:00	14,19	13,73	13,25	12,78	12,34	11,94	11,56	11,17	10,81	10,45	10,10	9,77	9,44	9,12	8,80	8,48	8,16	7,84	7,53	7,20	6,88	14,30
24/06/2019 09:55:00	14,30	13,71	13,27	12,81	12,32	11,88	11,46	11,07	10,71	10,36	10,05	9,75	9,45	9,15	8,85	8,53	8,22	7,91	7,61	7,30	6,99	14,49
24/06/2019 10:00:00	14,24	13,76	13,31	12,85	12,41	12,03	11,64	11,23	10,87	10,53	10,19	9,87	9,55	9,23	8,92	8,60	8,27	7,96	7,64	7,32	7,00	14,42
24/06/2019 10:05:00	14,20	13,65	13,22	12,79	12,34	11,91	11,51	11,15	10,83	10,51	10,11	9,74	9,37	9,04	8,71	8,40	8,09	7,78	7,48	7,17	6,86	14,02
24/06/2019 10:10:00	13,90	13,60	13,16	12,74	12,34	11,89	11,48	11,10	10,81	10,52	10,17	9,85	9,53	9,23	8,93	8,63	8,32	8,02	7,72	7,42	7,12	13,77
24/06/2019 10:15:00	14,20	13,75	13,28	12,84	12,44	12,07	11,71	11,35	11,01	10,68	10,41	10,14	9,87	9,58	9,30	8,99	8,68	8,37	8,05	7,73	7,42	14,65
24/06/2019 10:20:00	14,27	14,00	13,55	13,10	12,67	12,22	11,80	11,41	11,06	10,72	10,39	10,07	9,75	9,45	9,14	8,82	8,50	8,19	7,88	7,57	7,26	15,05
24/06/2019 10:25:00	14,42	14,08	13,64	13,22	12,84	12,37	11,94	11,57	11,16	10,76	10,42	10,09	9,75	9,42	9,09	8,74	8,40	8,07	7,73	7,40	7,06	14,85
24/06/2019 10:30:00	14,34	14,13	13,72	13,25	12,72	12,23	11,78	11,37	10,99	10,64	10,33	10,03	9,73	9,43	9,14	8,82	8,51	8,20	7,90	7,60	7,30	14,72
24/06/2019 10:35:00	14,45	14,20	13,80	13,35	12,85	12,38	11,92	11,47	11,05	10,66	10,29	9,93	9,57	9,23	8,89	8,54	8,20	7,87	7,54	7,22	6,89	14,90
24/06/2019 10:40:00	14,56	14,22	13,77	13,31	12,82	12,37	11,96	11,57	11,15	10,74	10,35	9,99	9,63	9,29	8,94	8,60	8,26	7,93	7,60	7,26	6,93	15,22
24/06/2019 10:45:00	14,79	14,44	13,99	13,51	13,04	12,61	12,17	11,70	11,27	10,83	10,39	9,98	9,57	9,18	8,80	8,44	8,08	7,73	7,38	7,03	6,67	14,91
24/06/2019 10:50:00	14,92	14,34	13,83	13,33	12,84	12,36	11,89	11,42	11,00	10,60	10,25	9,91	9,57	9,23	8,90	8,55	8,21	7,88	7,55	7,22	6,89	14,97
24/06/2019 10:55:00	14,92	14,38	13,93	13,47	12,98	12,48	11,99	11,52	11,12	10,74	10,35	9,97	9,60	9,25	8,90	8,55	8,20	7,87	7,54	7,20	6,87	15,09
24/06/2019 11:00:00	15,19	14,57	14,06	13,53	12,95	12,50	12,06	11,63	11,24	10,86	10,47	10,10	9,74	9,41	9,07	8,74	8,42	8,10	7,78	7,46	7,14	15,43
24/06/2019 11:05:00	15,05	14,41	13,96	13,49	12,97	12,54	12,14	11,75	11,38	11,00	10,54	10,12	9,70	9,34	8,97	8,63	8,30	7,97	7,64	7,31	6,97	14,98
24/06/2019 11:10:00	15,34	14,60	14,12	13,67	13,16	12,70	12,26	11,83	11,42	11,01	10,64	10,28	9,91	9,56	9,22	8,87	8,52	8,18	7,84	7,50	7,16	15,94
24/06/2019 11:15:00	15,35	14,74	14,22	13,71	13,20	12,79	12,39	11,99	11,59	11,18	10,80	10,44	10,08	9,74	9,40	9,07	8,73	8,39	8,06	7,72	7,38	16,20
24/06/2019 11:20:00	15,29	14,72	14,29	13,87	13,46	13,01	12,55	12,08	11,65	11,22	10,77	10,33	9,90	9,50	9,10	8,72	8,34	7,97	7,61	7,24	6,86	15,74
24/06/2019 11:25:00	15,26	14,77	14,25	13,77	13,38	12,91	12,46	12,05	11,64	11,24	10,79	10,38	9,96	9,59	9,21	8,85	8,50	8,14	7,79	7,43	7,08	15,52
24/06/2019 11:30:00	15,37	14,85	14,40	13,96	13,53	13,06	12,59	12,14	11,68	11,22	10,80	10,39	9,98	9,60	9,21	8,83	8,46	8,09	7,73	7,36	6,99	17,01
24/06/2019 11:35:00	15,79	15,12	14,57	14,03	13,50	12,98	12,49	12,02	11,56	11,12	10,81	10,48	10,16	9,83	9,51	9,16	8,80	8,47	8,13	7,79	7,45	16,67
24/06/2019 11:40:00	15,90	15,28	14,86	14,41	13,88	13,46	13,03	12,55	12,07	11,59	11,16	10,73	10,31	9,91	9,52	9,13	8,75	8,37	8,00	7,62	7,24	17,32
24/06/2019 11:45:00	15,42	14,99	14,55	14,05	13,47	13,03	12,60	12,14	11,73	11,34	10,93	10,56	10,18	9,83	9,48	9,14	8,80	8,46	8,13	7,79	7,46	15,74
24/06/2019 11:50:00	15,60	15,08	14,62	14,18	13,77	13,37	12,96	12,53	12,10	11,65	11,20	10,77	10,34	9,95	9,55	9,18	8,80	8,43	8,06	7,68	7,29	15,82
24/06/2019 11:55:00	15,89	15,32	14,79	14,29	13,83	13,38	12,96	12,58	12,17	11,74	11,34	10,96	10,59	10,23	9,88	9,53	9,18	8,83	8,48	8,12	7,76	16,83
24/06/2019 12:00:00	16,29	15,56	15,04	14,52	14,03	13,52	13,03	12,57	12,15	11,72	11,23	10,77	10,32	9,91	9,51	9,14	8,77	8,41	8,05	7,69	7,32	17,93
24/06/2019 12:05:00	16,28	15,68	15,24	14,77	14,24	13,73	13,23	12,72	12,20	11,65	11,17	10,69	10,22	9,79	9,35	8,95	8,54	8,15	7,75	7,36	6,97	17,27
24/06/2019 12:10:00	16,13	15,55	15,03	14,49	13,95	13,43	12,94	12,49	12,03	11,58	11,26	10,94	10,61	10,28	9,96	9,61	9,25	8,91	8,57	8,22	7,88	17,24
24/06/2019 12:15:00	16,25	15,69	15,14	14,60	14,07	13,58	13,11	12,67	12,24	11,82	11,37	10,96	10,56	10,18	9,81	9,46	9,10	8,75	8,40	8,04	7,68	17,67
24/06/2019 12:20:00	16,32	15,74	15,21	14,71	14,21	13,70	13,21	12,75	12,31	11,87	11,45	11,05	10,65	10,28	9,91	9,54	9,18	8,82	8,45	8,09	7,73	17,10
24/06/2019 12:25:00	16,55	15,86	15,28	14,73	14,22	13,72	13,24	12,76	12,35	11,95	11,53	11,14	10,75	10,39	10,03	9,68	9,32	8,97	8,62	8,26	7,91	17,12
24/06/2019 12:30:00	16,55	16,03	15,49	14,93	14,38	13,88	13,38	12,85	12,37	11,90	11,44	11,01	10,57	10,17	9,77	9,39	9,01	8,64	8,27	7,89	7,52	17,46
24/06/2019 12:35:00	16,49	15,93	15,43	14,92	14,42	13,91	13,41	12,95	12,51	12,07	11,57	11,12	10,66	10,26	9,85	9,48	9,11	8,74	8,37	8,00	7,63	17,41
24/06/2019 12:40:00	16,55	15,97	15,50	15,04	14,56	14,08	13,60	13,15	12,71	12,26	11,76	11,29	10,82	10,41	9,99	9,61	9,23	8,85	8,47	8,09	7,70	17,57
24/06/2019 12:45:00	16,27	15,88	15,38	14,87	14,38	13,89	13,42	12,97	12,51	12,05	11,63	11,22	10,82	10,45	10,07	9,70	9,33	8,96	8,59	8,22	7,85	16,72
24/06/2019 12:50:00	16,44	16,04	15,51	15,00	14,51	14,03	13,55	13,06	12,60	12,16	11,72	11,30	10,89	10,50	10,12	9,74	9,37	8,99	8,62	8,24	7,87	17,62
24/06/2019 12:55:00	16,67	16,08	15,53	14,99	14,46	13,93	13,43	12,98	12,53	12,08	11,61	11,17	10,74	10,35	9,95	9,59	9,22	8,85	8,49	8,12	7,76	17,36
24/06/2019 13:00:00	16,60	16,01	15,44	14,89	14,38	13,85	13,36	12,95	12,53	12,09	11,61	11,18	10,75	10,37	9,98	9,62	9,26	8,91	8,55	8,18	7,82	17,52
24/06/2019 13:05:00	16,90	16,18	15,65	15,16	14,69	14,21	13,73	13,23	12,78	12,35	11,81	11,32	10,82	10,39	9,95	9,56	9,17	8,78	8,39	8,00	7,60	17,87
24/06/2019 13:10:00	16,78	16,14	15,64	15,18	14,76	14,32	13,84	13,30	12,81	12,32	11,81	11,32	10,83	10,38	9,94	9,52	9,11	8,70	8,28	7,87	7,45	16,84
24/06/2019 13:15:00	16,98	16,34	15,78	15,25	14,77	14,31	13,85	13,37	12,80	12,19	11,66	11,16	10,65	10,19	9,73	9,30	8,87	8,45	8,02	7,59	7,16	18,43
24/06/2019 13:20:00	16,70	16,08	15,62	15,16	14,72	14,23	13,73	13,25	12,83	12,42	11,92	11,44	10,97	10,55	10,14	9,75	9,37	8,99	8,62	8,23	7,85	17,40
24/06/2019 13:25:00	17,00	16,38	15,90	15,40	14,82	14,29	13,80	13,34	12,83	12,30	11,79	11,32	10,84	10,41	9,99	9,59	9,19	8,81	8,42	8,03	7,63	18,17
24/06/2019 13:30:00	16,93	16,10	15,54	15,06	14,67	14,22	13,76	13,31	12,88	12,45	11,94	11,46	10,98	10,56	10,13	9,75	9,36	8,97	8,58	8,17	7,77	17,86
24/06/2019 13:35:00	16,79	16,21	15,72	15,22	14,69	14,16	13,64	13,12	12,65	12,20	11,69	11,22	10,74	10,32	9,89	9,51	9,12	8,74	8,36	7,98	7,60	17,62
24/06/2019 13:40:00	16,76	16,16	15,66	15,19	14,73	14,31	13,88	13,41	12,96	12,50	11,98	11,51	11,03	10,60	10,18	9,79	9,39	9,00	8,60	8,20	7,79	18,02
24/06/2019 13:45:00	16,80	16,26	15,78	15,31	14,84	14,34	13,83	13,33	12,84	12,35	11,86	11,40	10,93	10,50	10,08	9,67	9,27	8,88	8,48	8,08	7,68	17,66
24/06/2019 13:50:00	17,11	16,42	15,91	15,43	14,94	14,49	14,03	13,51	13,04	12,57	12,11	11,67	11,22	10,81	10,40	10,00	9,61	9,22	8,82	8,42	8,02	17,65
24/06/2019 13:55:00	17,16	16,48	15,94	15,43	14,94	14,51	14,07	13,59	13,09	12,57	12,11	11,67	11,22	10,81	10,40	9,99	9,59	9,19	8,79	8,38	7,97	18,33
24/06/2019 14:00:00	16,99	16,29	15,78	15,29	14,82	14,32	13,84	13,41	12,92	12,40	12,00	11,60	11,20	10,81	10,42	10,04	9,65	9,26	8,88	8,48	8,09	17,81
24/06/2019 14:05:00	16,71	16,18	15,70	15,18	14,64	14,23	13,80	13,31	12,91	12,54	12,05	11,61	11,17	10,79	10,40	10,04	9,68	9,32	8,96	8,59	8,22	17,76
24/06/2019 14:10:00	17,12	16,45	15,96	15,44	14,85	14,37	13,89	13,38	12,87	12,36	11,92	11,48	11,05	10,65	10,24	9,85	9,46	9,07	8,69	8,29	7,90	17,99
24/06/2019 14:15:00	17,01	16,53	16,06	15,59	15,12	14,61	14,10	13,62	13,12	12,58	12,07	11,58	11,09	10,64	10,20	9,78	9,37	8,96	8,56	8,14	7,73	18,01
24/06/2019 14:20:00	17,05	16,55	16,04	15,52	14,99	14,48	13,99	13,51	13,05	12,60	12,15	11,73	11,31	10,92	10,53	10,15	9,77	9,40	9,02	8,64	8,26	18,08
24/06/2019 14:25:00	17,11	16,56	16,01	15,47	14,95	14,46	13,98	13,50	13,00	12,50	12,07	11,65	11,24	10,84	10,45	10,06	9,67	9,28	8,90	8,50	8,11	17,91
24/06/2019 14:30:00	17,45	16,64	16,03	15,48	15,01	14,52	14,05	13,60	13,14	12,66	12,13	11,64	11,15	10,72	10,29	9,90	9,51	9,11	8,71	8,30	7,90	18,64
24/06/2019 14:35:00	17,14	16,63	16,16	15,68	15,18	14,70	14,22	13,70	13,21	12,73	12,20	11,71	11,23	10,79	10,35	9,94	9,53	9,13	8,73	8,32	7,92	19,02
24/06/2019 14:40:00	17,45	16,72	16,22	15,71	15,19	14,63	14,11	13,67	13,19	12,67	12,14	11,64	11,14	10,71	10,27	9,87	9,47	9,08	8,68	8,28	7,88	18,91
24/06/2019 14:45:00	17,10	16,61	16,16	15,68	15,13	14,58	14,07	13,59	13,10	12,60	12,09	11,62	11,15	10,72	10,29	9,90	9,50	9,11	8,72	8,33	7,94	18,05
24/06/2019 14:50:00	17,16	16,39	15,85	15,38	15,00	14,58	14,15	13,72	13,27	12,80	12,34	11,90	11,46	11,05	10,64	10,25	9,85	9,45	9,06	8,64	8,23	18,72
24/06/2019 14:55:00	17,27	16,56	15,94	15,40	14,93	14,44	13,96	13,52	13,08	12,64	12,18	11,75	11,32	10,93	10,54	10,17	9,79	9,41	9,03	8,64	8,25	18,37
24/06/2019 15:00:00	17,32	16,66	16,15	15,68	15,26	14,72	14,19	13,74	13,34	12,94	12,43	11,96	11,48	11,07	10,65	10,27	9,89	9,51	9,13	8,74	8,35	18,51
24/06/2019 15:05:00	17,54	16,82	16,22	15,66	15,17	14,58	14,04	13,61	13,16	12,69	12,26	11,84	11,43	11,05	10,67	10,30	9,92	9,55	9,18	8,80	8,42	19,37
24/06/2019 15:10:00	17,48	16,91	16,41	15,92	15,43	14,93	14,45	13,97	13,50	13,02	12,58	12,15	11,72	11,32	10,92	10,52	10,13	9,74	9,35	8,95	8,55	19,09
24/06/2019 15:15:00	17,58	16,88	16,33	15,82	15,33	14,86	14,40	13,92	13,44	12,95	12,46	12,01	11,55	11,13	10,71	10,31	9,91	9,51	9,11	8,70	8,29	18,24
24/06/2019 15:20:00	17,48	16,95	16,41	15,89	15,43	14,91	14,39	13,91	13,42	12,92	12,47	12,03	11,60	11,19	10,78	10,38	9,98	9,59	9,19	8,78	8,38	19,34
24/06/2019 15:25:00	17,50	16,91	16,46	16,03	15,58	15,11	14,61	14,08	13,61	13,16	12,65	12,16	11,68	11,24	10,80	10,39	9,98	9,57	9,16	8,75	8,33	19,21
24/06/2019 15:30:00	17,61	17,04	16,52	16,04	15,62	15,12	14,61	14,14	13,65	13,14	12,62	12,13	11,64	11,20	10,75	10,34	9,92	9,51	9,09	8,67	8,24	19,08
24/06/2019 15:35:00	17,73	17,17	16,77	16,37	15,93	15,39	14,85	14,38	13,85	13,28	12,72	12,19	11,65	11,17	10,69	10,24	9,80	9,37	8,94	8,50	8,05	19,71
24/06/2019 15:40:00	17,83	17,16	16,61	16,09	15,64	15,24	14,82	14,34	13,89	13,45	12,96	12,51	12,05	11,63	11,22	10,83	10,44	10,03	9,63	9,21	8,79	20,14
24/06/2019 15:45:00	17,72	17,05	16,52	16,00	15,48	15,00	14,53	14,08	13,63	13,17	12,65	12,17	11,69	11,26	10,84	10,45	10,06	9,67	9,28	8,88	8,47	18,87
24/06/2019 15:50:00	17,79	17,13	16,59	16,06	15,56	15,08	14,61	14,14	13,68	13,23	12,73	12,27	11,82	11,40	10,99	10,60	10,21	9,82	9,43	9,03	8,63	19,26
24/06/2019 15:55:00	17,85	17,27	16,66	16,08	15,59	15,10	14,61	14,09	13,61	13,15	12,67	12,22	11,77	11,36	10,95	10,56	10,16	9,76	9,37	8,96	8,55	18,85
24/06/2019 16:00:00	17,90	17,20	16,67	16,19	15,78	15,27	14,78	14,33	13,84	13,31	12,80	12,32	11,84	11,39	10,95	10,54	10,12	9,70	9,28	8,85	8,42	19,12
24/06/2019 16:05:00	17,81	17,11	16,57	16,04	15,54	15,09	14,64	14,17	13,69	13,19	12,68	12,20	11,72	11,29	10,86	10,46	10,06	9,65	9,25	8,83	8,41	19,17
24/06/2019 16:10:00	17,84	17,30	16,74	16,20	15,69	15,18	14,66	14,12	13,65	13,20	12,70	12,23	11,77	11,34	10,92	10,53	10,13	9,73	9,34	8,93	8,53	19,01
24/06/2019 16:15:00	17,94	17,30	16,73	16,19	15,72	15,21	14,72	14,25	13,79	13,33	12,80	12,32	11,84	11,41	10,98	10,59	10,19	9,79	9,39	8,98	8,57	21,05
24/06/2019 16:20:00	17,99	17,30	16,82	16,34	15,80	15,29	14,78	14,28	13,81	13,35	12,83	12,35	11,86	11,43	11,00	10,60	10,20	9,80	9,40	9,00	8,59	19,47
24/06/2019 16:25:00	17,91	17,40	16,87	16,36	15,92	15,42	14,91	14,39	13,87	13,34	12,86	12,39	11,92	11,49	11,05	10,63	10,21	9,79	9,37	8,94	8,51	19,91
24/06/2019 16:30:00	18,03	17,35	16,93	16,53	16,17	15,70	15,22	14,73	14,21	13,63	13,09	12,56	12,03	11,54	11,06	10,60	10,15	9,70	9,25	8,78	8,32	19,16
24/06/2019 16:35:00	18,01	17,42	16,97	16,54	16,12	15,69	15,23	14,73	14,23	13,71	13,16	12,64	12,12	11,66	11,19	10,75	10,32	9,88	9,44	8,99	8,54	19,39
24/06/2019 16:40:00	17,97	17,31	16,76	16,26	15,80	15,34	14,87	14,38	13,93	13,48	12,96	12,49	12,01	11,58	11,15	10,75	10,35	9,95	9,54	9,12	8,70	19,29
24/06/2019 16:45:00	18,06	17,42	16,94	16,45	15,94	15,46	14,98	14,50	14,04	13,59	13,11	12,66	12,21	11,80	11,39	10,99	10,60	10,20	9,81	9,40	8,99	20,40
24/06/2019 16:50:00	17,89	17,36	16,91	16,44	15,95	15,48	15,01	14,52	14,04	13,56	13,06	12,58	12,11	11,68	11,25	10,85	10,44	10,03	9,62	9,20	8,78	19,69
24/06/2019 16:55:00	18,08	17,37	16,88	16,44	15,99	15,56	15,13	14,67	14,18	13,67	13,22	12,78	12,33	11,92	11,50	11,08	10,67	10,25	9,83	9,39	8,96	19,61
24/06/2019 17:00:00	18,24	17,61	17,10	16,62	16,16	15,67	15,18	14,71	14,25	13,77	13,23	12,73	12,23	11,78	11,33	10,92	10,51	10,10	9,68	9,25	8,82	19,91
24/06/2019 17:05:00	18,27	17,57	17,04	16,55	16,12	15,67	15,21	14,73	14,25	13,75	13,24	12,75	12,26	11,82	11,38	10,96	10,55	10,12	9,70	9,26	8,82	20,49
24/06/2019 17:10:00	18,33	17,55	17,08	16,66	16,27	15,86	15,45	15,04	14,59	14,10	13,53	13,00	12,47	12,01	11,54	11,12	10,70	10,26	9,83	9,37	8,92	19,64
24/06/2019 17:15:00	18,21	17,57	17,06	16,57	16,08	15,62	15,16	14,66	14,15	13,64	13,22	12,80	12,38	11,97	11,57	11,16	10,75	10,34	9,92	9,50	9,07	19,16
24/06/2019 17:20:00	18,08	17,44	16,97	16,51	16,04	15,59	15,14	14,67	14,20	13,72	13,23	12,77	12,31	11,88	11,46	11,05	10,65	10,24	9,83	9,40	8,98	19,50
24/06/2019 17:25:00	18,31	17,78	17,25	16,72	16,21	15,64	15,08	14,57	14,08	13,59	13,10	12,64	12,18	11,76	11,34	10,93	10,53	10,13	9,73	9,32	8,91	19,99
24/06/2019 17:30:00	18,30	17,57	17,06	16,59	16,18	15,73	15,26	14,79	14,36	13,94	13,39	12,89	12,38	11,94	11,49	11,09	10,69	10,28	9,86	9,43	9,00	19,89
24/06/2019 17:35:00	18,26	17,53	16,99	16,49	16,05	15,67	15,27	14,78	14,29	13,80	13,36	12,93	12,50	12,09	11,67	11,27	10,86	10,44	10,02	9,58	9,14	20,41
24/06/2019 17:40:00	18,13	17,58	17,10	16,62	16,13	15,69	15,26	14,82	14,34	13,84	13,38	12,94	12,49	12,08	11,67	11,27	10,87	10,46	10,05	9,63	9,20	19,47
24/06/2019 17:45:00	18,46	17,74	17,20	16,72	16,29	15,82	15,34	14,87	14,42	13,97	13,44	12,95	12,45	12,01	11,57	11,16	10,76	10,34	9,93	9,49	9,06	20,17
24/06/2019 17:50:00	18,34	17,59	17,14	16,69	16,20	15,74	15,29	14,83	14,42	14,02	13,48	12,98	12,48	12,05	11,62	11,22	10,83	10,44	10,04	9,62	9,21	19,69
24/06/2019 17:55:00	18,22	17,64	17,13	16,65	16,19	15,77	15,34	14,87	14,40	13,92	13,40	12,92	12,43	11,99	11,56	11,15	10,74	10,32	9,90	9,47	9,03	19,31
24/06/2019 18:00:00	18,17	17,59	17,10	16,62	16,14	15,69	15,25	14,79	14,33	13,87	13,40	12,96	12,51	12,10	11,69	11,30	10,90	10,50	10,09	9,67	9,25	19,49
24/06/2019 18:05:00	18,38	17,69	17,16	16,68	16,25	15,81	15,36	14,92	14,48	14,03	13,57	13,13	12,70	12,29	11,89	11,49	11,10	10,69	10,28	9,85	9,43	19,83
24/06/2019 18:10:00	18,27	17,61	17,09	16,60	16,14	15,73	15,31	14,85	14,37	13,88	13,46	13,05	12,64	12,25	11,85	11,46	11,06	10,65	10,23	9,81	9,38	20,42
24/06/2019 18:15:00	18,18	17,66	17,16	16,68	16,25	15,78	15,32	14,88	14,38	13,85	13,40	12,96	12,52	12,11	11,69	11,28	10,87	10,45	10,03	9,59	9,16	19,14
24/06/2019 18:20:00	17,79	17,63	17,22	16,79	16,38	15,90	15,42	14,95	14,45	13,93	13,46	13,00	12,54	12,11	11,68	11,26	10,84	10,41	9,99	9,56	9,12	18,31
24/06/2019 18:25:00	17,59	17,40	17,06	16,67	16,19	15,72	15,28	14,86	14,43	14,00	13,47	12,99	12,51	12,08	11,65	11,26	10,87	10,47	10,07	9,66	9,25	18,14
24/06/2019 18:30:00	17,50	17,35	17,06	16,70	16,26	15,80	15,33	14,88	14,41	13,93	13,42	12,93	12,45	12,01	11,57	11,15	10,74	10,32	9,91	9,48	9,06	18,27
24/06/2019 18:35:00	17,88	17,35	16,95	16,55	16,12	15,71	15,29	14,86	14,43	13,99	13,44	12,93	12,43	11,98	11,53	11,13	10,72	10,31	9,89	9,46	9,03	19,21
24/06/2019 18:40:00	18,07	17,48	17,01	16,57	16,15	15,68	15,21	14,77	14,32	13,84	13,36	12,89	12,43	12,01	11,58	11,18	10,77	10,36	9,94	9,52	9,09	19,72
24/06/2019 18:45:00	17,74	17,49	17,04	16,61	16,22	15,75	15,27	14,77	14,31	13,86	13,33	12,84	12,34	11,90	11,45	11,04	10,63	10,21	9,79	9,36	8,93	18,44
24/06/2019 18:50:00	17,90	17,43	16,92	16,44	16,01	15,57	15,15	14,74	14,32	13,89	13,43	13,01	12,58	12,19	11,79	11,41	11,04	10,64	10,24	9,83	9,42	18,57
24/06/2019 18:55:00	18,08	17,57	17,02	16,48	15,99	15,56	15,14	14,72	14,25	13,76	13,32	12,92	12,51	12,12	11,73	11,35	10,96	10,56	10,16	9,75	9,33	19,62
24/06/2019 19:00:00	18,27	17,64	17,14	16,63	16,14	15,69	15,24	14,79	14,28	13,74	13,31	12,89	12,47	12,06	11,66	11,25	10,85	10,43	10,02	9,59	9,16	20,43
24/06/2019 19:05:00	17,98	17,46	17,02	16,60	16,20	15,81	15,39	14,91	14,44	13,96	13,45	12,97	12,48	12,04	11,59	11,17	10,75	10,32	9,89	9,44	9,00	19,25
24/06/2019 19:10:00	17,66	17,46	17,05	16,62	16,19	15,78	15,37	14,91	14,44	13,97	13,47	13,00	12,53	12,10	11,67	11,26	10,85	10,43	10,01	9,58	9,15	18,40
24/06/2019 19:15:00	17,81	17,43	17,02	16,61	16,21	15,79	15,35	14,90	14,48	14,06	13,54	13,07	12,59	12,16	11,73	11,33	10,93	10,52	10,11	9,69	9,26	18,81
24/06/2019 19:20:00	17,92	17,46	17,01	16,59	16,19	15,76	15,32	14,89	14,44	13,96	13,47	13,01	12,55	12,12	11,70	11,29	10,88	10,46	10,05	9,61	9,18	18,96
24/06/2019 19:25:00	17,88	17,49	17,04	16,60	16,21	15,76	15,29	14,81	14,37	13,96	13,46	13,00	12,53	12,11	11,69	11,28	10,88	10,48	10,07	9,65	9,22	18,87
24/06/2019 19:30:00	17,77	17,40	16,97	16,55	16,14	15,71	15,27	14,82	14,38	13,96	13,49	13,05	12,61	12,20	11,79	11,39	11,00	10,59	10,19	9,77	9,35	18,73
24/06/2019 19:35:00	17,66	17,42	17,01	16,57	16,07	15,59	15,13	14,69	14,26	13,84	13,36	12,92	12,48	12,08	11,68	11,30	10,92	10,53	10,14	9,74	9,34	18,22
24/06/2019 19:40:00	17,41	17,14	16,74	16,34	15,95	15,48	14,99	14,50	14,08	13,69	13,23	12,79	12,35	11,94	11,53	11,14	10,75	10,35	9,96	9,55	9,15	17,97
24/06/2019 19:45:00	17,14	17,01	16,65	16,25	15,82	15,42	15,01	14,58	14,11	13,63	13,17	12,74	12,30	11,89	11,48	11,08	10,68	10,27	9,86	9,44	9,02	17,74
24/06/2019 19:50:00	16,99	16,94	16,56	16,19	15,91	15,43	14,96	14,56	14,10	13,63	13,18	12,75	12,32	11,90	11,49	11,08	10,67	10,26	9,84	9,42	8,99	17,37
24/06/2019 19:55:00	16,91	16,94	16,56	16,15	15,76	15,35	14,92	14,44	14,01	13,59	13,15	12,74	12,33	11,94	11,55	11,16	10,77	10,37	9,98	9,57	9,16	17,20
24/06/2019 20:00:00	16,85	16,84	16,51	16,14	15,76	15,31	14,85	14,39	13,97	13,57	13,12	12,69	12,27	11,87	11,47	11,08	10,69	10,30	9,91	9,51	9,10	17,19
24/06/2019 20:05:00	16,77	16,76	16,51	16,18	15,74	15,35	14,96	14,50	14,05	13,59	13,09	12,63	12,16	11,73	11,30	10,90	10,49	10,08	9,67	9,26	8,84	17,17
24/06/2019 20:10:00	16,77	16,72	16,36	15,95	15,53	15,11	14,68	14,24	13,83	13,44	13,01	12,60	12,20	11,82	11,44	11,07	10,70	10,31	9,93	9,54	9,15	16,95
24/06/2019 20:15:00	16,94	16,97	16,75	16,43	15,96	15,58	15,19	14,74	14,29	13,83	13,35	12,90	12,45	12,03	11,61	11,21	10,80	10,40	9,99	9,57	9,16	17,03
24/06/2019 20:20:00	17,00	17,00	16,71	16,35	15,93	15,48	15,03	14,57	14,13	13,68	13,24	12,82	12,39	11,99	11,59	11,20	10,80	10,40	10,00	9,60	9,19	16,87
24/06/2019 20:25:00	17,15	16,92	16,61	16,27	15,90	15,53	15,13	14,69	14,25	13,81	13,34	12,90	12,46	12,04	11,62	11,22	10,81	10,40	9,99	9,56	9,13	17,63
24/06/2019 20:30:00	17,04	16,94	16,58	16,21	15,86	15,45	15,03	14,63	14,21	13,79	13,31	12,86	12,42	12,01	11,60	11,21	10,81	10,41	10,01	9,59	9,17	17,07
24/06/2019 20:35:00	16,93	16,89	16,59	16,24	15,82	15,40	14,99	14,56	14,10	13,61	13,19	12,78	12,37	11,98	11,58	11,18	10,78	10,37	9,96	9,55	9,13	16,99
24/06/2019 20:40:00	16,84	16,88	16,55	16,19	15,80	15,38	14,95	14,51	14,10	13,71	13,26	12,84	12,42	12,03	11,63	11,25	10,87	10,47	10,08	9,68	9,28	16,84
24/06/2019 20:45:00	16,77	16,89	16,67	16,36	15,92	15,50	15,09	14,69	14,27	13,84	13,32	12,85	12,38	11,95	11,53	11,13	10,74	10,34	9,94	9,53	9,12	16,70
24/06/2019 20:50:00	16,71	16,95	16,67	16,31	15,88	15,44	15,01	14,60	14,09	13,55	13,15	12,75	12,35	11,96	11,57	11,16	10,75	10,34	9,92	9,51	9,09	16,60
24/06/2019 20:55:00	16,76	16,78	16,56	16,30	16,00	15,56	15,09	14,63	14,21	13,79	13,27	12,79	12,30	11,86	11,41	10,99	10,58	10,16	9,74	9,32	8,90	16,49
24/06/2019 21:00:00	16,63	16,87	16,62	16,29	15,91	15,52	15,10	14,64	14,21	13,79	13,31	12,86	12,41	12,00	11,59	11,19	10,79	10,38	9,98	9,56	9,15	16,36
24/06/2019 21:05:00	16,59	16,89	16,68	16,38	15,99	15,58	15,14	14,64	14,18	13,74	13,26	12,81	12,36	11,94	11,52	11,10	10,69	10,28	9,86	9,45	9,03	16,40
24/06/2019 21:10:00	16,60	16,82	16,64	16,35	15,96	15,56	15,17	14,76	14,29	13,79	13,32	12,87	12,41	11,99	11,57	11,15	10,74	10,32	9,90	9,48	9,05	16,42
24/06/2019 21:15:00	16,39	16,59	16,39	16,09	15,65	15,23	14,79	14,31	13,87	13,43	12,97	12,54	12,11	11,71	11,30	10,90	10,50	10,10	9,70	9,30	8,90	16,39
24/06/2019 21:20:00	16,37	16,71	16,45	16,10	15,70	15,24	14,79	14,35	13,91	13,48	12,99	12,55	12,10	11,69	11,28	10,89	10,49	10,10	9,71	9,31	8,91	16,39
24/06/2019 21:25:00	16,34	16,58	16,41	16,13	15,75	15,31	14,84	14,36	13,88	13,40	12,93	12,47	12,01	11,57	11,14	10,72	10,30	9,88	9,47	9,05	8,63	16,54
24/06/2019 21:30:00	16,27	16,57	16,32	15,98	15,57	15,15	14,71	14,25	13,81	13,38	12,93	12,51	12,09	11,69	11,29	10,90	10,51	10,12	9,72	9,33	8,93	16,37
24/06/2019 21:35:00	16,26	16,56	16,35	16,06	15,72	15,33	14,92	14,49	14,08	13,66	13,15	12,69	12,22	11,80	11,37	10,97	10,57	10,16	9,76	9,35	8,93	16,22
24/06/2019 21:40:00	16,24	16,48	16,26	15,96	15,59	15,19	14,77	14,33	13,93	13,55	13,07	12,63	12,19	11,78	11,37	10,99	10,60	10,21	9,82	9,42	9,02	16,15
24/06/2019 21:45:00	16,16	16,17	15,92	15,61	15,24	14,91	14,54	14,11	13,70	13,30	12,85	12,43	12,00	11,60	11,20	10,81	10,43	10,03	9,64	9,23	8,83	16,08
24/06/2019 21:50:00	15,95	16,04	15,84	15,60	15,32	14,97	14,59	14,21	13,80	13,38	12,95	12,53	12,11	11,71	11,31	10,91	10,51	10,11	9,71	9,29	8,88	15,75
24/06/2019 21:55:00	15,77	16,00	15,86	15,64	15,34	15,02	14,65	14,24	13,77	13,29	12,90	12,50	12,11	11,71	11,31	10,89	10,48	10,06	9,64	9,22	8,79	15,64
24/06/2019 22:00:00	15,60	15,89	15,84	15,66	15,29	14,99	14,65	14,25	13,85	13,43	13,01	12,59	12,18	11,78	11,39	10,99	10,60	10,20	9,80	9,40	9,00	15,36
24/06/2019 22:05:00	15,50	15,76	15,65	15,49	15,26	14,92	14,56	14,21	13,86	13,49	13,04	12,60	12,17	11,77	11,37	10,98	10,60	10,20	9,81	9,40	9,00	15,30
24/06/2019 22:10:00	15,41	15,64	15,64	15,58	15,40	15,09	14,74	14,41	14,04	13,65	13,16	12,70	12,23	11,80	11,37	10,95	10,54	10,13	9,71	9,29	8,86	15,10
24/06/2019 22:15:00	15,32	15,73	15,71	15,59	15,33	14,99	14,63	14,26	13,87	13,46	13,03	12,61	12,20	11,79	11,39	10,99	10,59	10,19	9,78	9,37	8,96	15,09
24/06/2019 22:20:00	15,33	15,73	15,69	15,58	15,42	15,11	14,78	14,46	14,06	13,61	13,17	12,73	12,30	11,88	11,46	11,05	10,63	10,21	9,79	9,36	8,93	14,89
24/06/2019 22:25:00	15,39	16,07	16,02	15,84	15,57	15,21	14,83	14,43	13,97	13,50	13,05	12,61	12,18	11,76	11,34	10,92	10,50	10,09	9,67	9,25	8,82	15,16
24/06/2019 22:30:00	15,41	15,99	15,94	15,77	15,48	15,15	14,78	14,37	13,94	13,51	13,08	12,66	12,24	11,84	11,43	11,02	10,61	10,20	9,80	9,38	8,97	15,01
24/06/2019 22:35:00	15,40	15,86	15,79	15,58	15,21	14,90	14,58	14,22	13,81	13,38	12,92	12,50	12,07	11,67	11,27	10,88	10,49	10,09	9,70	9,30	8,90	15,03
24/06/2019 22:40:00	15,22	15,79	15,81	15,69	15,43	15,09	14,72	14,34	13,91	13,46	12,97	12,51	12,05	11,62	11,18	10,76	10,34	9,92	9,51	9,08	8,66	14,92
24/06/2019 22:45:00	15,16	15,74	15,67	15,51	15,30	14,90	14,48	14,07	13,68	13,29	12,87	12,46	12,05	11,66	11,26	10,86	10,46	10,06	9,66	9,26	8,85	14,90
24/06/2019 22:50:00	15,11	15,73	15,68	15,48	15,14	14,73	14,29	13,85	13,47	13,10	12,66	12,25	11,84	11,45	11,06	10,68	10,29	9,91	9,54	9,16	8,78	14,70
24/06/2019 22:55:00	14,78	15,40	15,36	15,24	15,05	14,75	14,40	14,04	13,65	13,27	12,89	12,52	12,14	11,77	11,39	11,00	10,60	10,21	9,81	9,41	9,00	14,67
24/06/2019 23:00:00	14,79	15,36	15,38	15,28	15,05	14,74	14,41	14,08	13,67	13,24	12,80	12,37	11,95	11,54	11,13	10,72	10,32	9,92	9,51	9,10	8,69	14,68
24/06/2019 23:05:00	14,89	15,15	15,09	14,98	14,78	14,50	14,21	13,91	13,55	13,18	12,82	12,46	12,10	11,74	11,38	11,00	10,62	10,23	9,84	9,44	9,04	14,78
24/06/2019 23:10:00	14,84	15,24	15,25	15,15	14,86	14,55	14,24	13,93	13,54	13,14	12,74	12,36	11,97	11,59	11,21	10,83	10,44	10,05	9,66	9,27	8,87	14,60
24/06/2019 23:15:00	14,89	15,37	15,35	15,26	15,11	14,83	14,49	14,11	13,78	13,42	12,89	12,40	11,91	11,47	11,03	10,62	10,22	9,81	9,40	8,98	8,56	14,57
24/06/2019 23:20:00	14,78	15,24	15,34	15,32	15,11	14,88	14,59	14,24	13,86	13,46	13,01	12,57	12,13	11,71	11,29	10,88	10,47	10,06	9,64	9,22	8,79	14,65
24/06/2019 23:25:00	14,97	15,23	15,21	15,13	14,94	14,70	14,42	14,10	13,69	13,26	12,88	12,49	12,10	11,70	11,31	10,91	10,50	10,09	9,67	9,25	8,82	14,65
24/06/2019 23:30:00	14,84	15,24	15,24	15,13	14,86	14,56	14,24	13,88	13,49	13,09	12,67	12,27	11,86	11,47	11,08	10,68	10,28	9,89	9,49	9,09	8,68	14,57
24/06/2019 23:35:00	14,63	15,30	15,23	15,06	14,80	14,44	14,10	13,80	13,39	12,98	12,65	12,31	11,98	11,64	11,29	10,92	10,54	10,16	9,79	9,40	9,02	14,35
24/06/2019 23:40:00	14,69	15,45	15,46	15,30	14,99	14,63	14,27	13,92	13,55	13,18	12,73	12,32	11,91	11,52	11,14	10,76	10,38	10,01	9,63	9,26	8,88	14,40
24/06/2019 23:45:00	14,52	15,30	15,51	15,54	15,31	14,94	14,55	14,18	13,72	13,23	12,73	12,23	11,74	11,27	10,81	10,36	9,92	9,49	9,06	8,63	8,19	14,10
24/06/2019 23:50:00	14,49	15,20	15,28	15,22	15,01	14,69	14,34	14,00	13,56	13,11	12,73	12,34	11,95	11,55	11,16	10,74	10,33	9,92	9,51	9,09	8,68	14,29
24/06/2019 23:55:00	14,36	15,25	15,32	15,23	14,99	14,68	14,30	13,86	13,44	13,03	12,62	12,21	11,80	11,40	11,00	10,59	10,17	9,77	9,37	8,96	8,56	14,07
