FileFormat:0002.2 file with temperature of atmosphere
SN105HE102
local	GMT or Local
0	GMT-Local=[hours]
0	Height[m]
0	0	0	Longitude                [grd]               [min]               [sec]
0	0	0	Latitude                [grd]               [min]               [sec]
N	NS
56,45	Freq[GHz]
0,00	dTemostat[K]
0,150	MessErr[K]
0,248	//[grad/step]
version 14.4.20120406
MTP5HE102F5645K-38.60I70D219217+A1.1
Commentary:
SN105HE102
парабола ДНА = 2,5 град
НЕ102 - ПУ - ХВБ с ЦСД " S "
АЦП - 202 - 09 с контр.U пит.и М
оптопара серии - 2
Т out № 178 пл
БП LPS - 112
End Of Commentary

SYSTEM\summer.dat
data time	0	50	100	150	200	250	300	350	400	450	500	550	600	650	700	750	800	850	900	950	1000	OutsideTemperature
04/06/2019 00:00:00	11,59	11,76	11,89	12,01	12,09	12,07	11,98	11,85	11,67	11,44	11,10	10,75	10,41	10,07	9,74	9,40	9,07	8,72	8,37	8,00	7,62	11,57
04/06/2019 00:05:00	11,72	11,86	11,99	12,10	12,17	12,16	12,07	11,91	11,77	11,57	11,28	10,97	10,67	10,36	10,05	9,73	9,40	9,06	8,72	8,35	7,99	11,62
04/06/2019 00:10:00	11,73	11,94	12,10	12,18	12,11	12,13	12,04	11,85	11,63	11,40	11,19	10,94	10,69	10,41	10,13	9,80	9,47	9,13	8,79	8,43	8,07	11,64
04/06/2019 00:15:00	11,77	11,95	12,07	12,21	12,33	12,37	12,30	12,16	11,95	11,71	11,45	11,16	10,86	10,54	10,23	9,88	9,54	9,17	8,81	8,42	8,03	11,67
04/06/2019 00:20:00	11,78	11,94	12,12	12,29	12,40	12,36	12,22	12,02	11,87	11,66	11,32	10,97	10,62	10,28	9,93	9,58	9,24	8,88	8,52	8,14	7,76	11,63
04/06/2019 00:25:00	11,64	12,02	12,29	12,49	12,57	12,58	12,49	12,33	12,14	11,90	11,56	11,21	10,85	10,50	10,15	9,80	9,45	9,08	8,72	8,33	7,94	11,57
04/06/2019 00:30:00	11,59	12,14	12,42	12,59	12,59	12,58	12,49	12,34	12,05	11,73	11,37	11,00	10,62	10,26	9,89	9,52	9,15	8,77	8,40	8,00	7,60	11,64
04/06/2019 00:35:00	11,65	11,97	12,21	12,41	12,54	12,54	12,48	12,37	12,11	11,82	11,53	11,21	10,88	10,54	10,20	9,83	9,47	9,09	8,71	8,30	7,90	11,50
04/06/2019 00:40:00	11,50	11,78	11,99	12,19	12,33	12,26	12,18	12,12	11,88	11,61	11,31	10,99	10,66	10,33	9,99	9,64	9,29	8,93	8,56	8,18	7,79	11,38
04/06/2019 00:45:00	11,46	11,70	11,85	11,96	12,00	12,02	11,92	11,73	11,51	11,29	11,07	10,81	10,55	10,25	9,96	9,62	9,28	8,93	8,59	8,22	7,85	11,45
04/06/2019 00:50:00	11,40	11,60	11,79	11,93	11,98	11,91	11,80	11,66	11,46	11,22	10,92	10,60	10,28	9,95	9,63	9,29	8,95	8,61	8,26	7,90	7,54	11,43
04/06/2019 00:55:00	11,37	11,49	11,70	11,83	11,81	11,82	11,74	11,58	11,37	11,14	10,90	10,63	10,35	10,06	9,76	9,43	9,10	8,76	8,42	8,07	7,71	11,32
04/06/2019 01:00:00	11,26	11,32	11,62	11,85	11,93	12,02	12,01	11,93	11,81	11,60	11,25	10,89	10,53	10,19	9,85	9,53	9,20	8,85	8,51	8,13	7,76	11,27
04/06/2019 01:05:00	11,30	11,24	11,42	11,60	11,73	11,77	11,76	11,71	11,67	11,60	11,50	11,35	11,20	10,99	10,79	10,51	10,24	9,94	9,65	9,32	8,99	11,23
04/06/2019 01:10:00	11,18	11,25	11,38	11,50	11,57	11,59	11,60	11,62	11,62	11,69	11,87	11,95	12,04	11,99	11,94	11,74	11,53	11,29	11,05	10,78	10,52	11,16
04/06/2019 01:15:00	11,09	11,28	11,64	11,88	11,93	11,95	11,88	11,74	11,55	11,38	11,24	11,02	10,81	10,55	10,28	9,95	9,62	9,28	8,95	8,59	8,24	11,11
04/06/2019 01:20:00	11,08	11,23	11,52	11,76	11,90	11,91	11,88	11,84	11,69	11,50	11,27	11,00	10,74	10,45	10,16	9,84	9,51	9,18	8,84	8,48	8,12	11,04
04/06/2019 01:25:00	10,97	11,09	11,39	11,64	11,76	11,83	11,77	11,62	11,51	11,35	11,10	10,81	10,53	10,23	9,92	9,59	9,26	8,92	8,58	8,21	7,85	11,00
04/06/2019 01:30:00	10,94	11,07	11,25	11,42	11,54	11,53	11,45	11,35	11,23	11,10	10,94	10,73	10,52	10,28	10,03	9,73	9,43	9,11	8,79	8,45	8,12	11,00
04/06/2019 01:35:00	11,02	10,92	11,00	11,10	11,17	11,18	11,14	11,08	10,94	10,82	10,76	10,62	10,49	10,29	10,09	9,81	9,53	9,24	8,94	8,61	8,29	11,09
04/06/2019 01:40:00	11,19	10,98	10,91	10,89	10,92	10,86	10,79	10,71	10,64	10,57	10,45	10,31	10,17	9,98	9,79	9,55	9,30	9,03	8,76	8,46	8,17	11,15
04/06/2019 01:45:00	11,21	11,11	11,05	11,00	10,93	10,85	10,77	10,70	10,55	10,42	10,34	10,21	10,08	9,90	9,72	9,47	9,21	8,94	8,67	8,38	8,09	11,20
04/06/2019 01:50:00	11,28	11,21	11,11	11,03	10,96	10,88	10,74	10,56	10,44	10,32	10,19	10,04	9,88	9,67	9,47	9,21	8,94	8,66	8,39	8,09	7,80	11,18
04/06/2019 01:55:00	11,18	10,98	10,86	10,77	10,69	10,61	10,51	10,40	10,26	10,13	10,03	9,90	9,77	9,58	9,39	9,14	8,89	8,62	8,35	8,06	7,77	11,16
04/06/2019 02:00:00	11,18	11,05	10,92	10,84	10,81	10,69	10,54	10,37	10,23	10,10	9,96	9,79	9,62	9,41	9,20	8,93	8,66	8,38	8,10	7,80	7,50	11,13
04/06/2019 02:05:00	11,22	11,11	10,91	10,73	10,58	10,47	10,34	10,19	10,07	9,98	9,93	9,85	9,77	9,62	9,47	9,24	9,02	8,77	8,53	8,26	8,00	11,08
04/06/2019 02:10:00	11,12	11,08	10,95	10,83	10,71	10,56	10,39	10,22	10,12	10,02	9,90	9,77	9,63	9,45	9,27	9,02	8,78	8,52	8,27	8,01	7,74	11,05
04/06/2019 02:15:00	11,12	11,08	10,96	10,90	10,90	10,84	10,70	10,52	10,38	10,26	10,15	9,99	9,84	9,63	9,42	9,15	8,88	8,59	8,30	8,00	7,69	11,06
04/06/2019 02:20:00	11,14	11,08	10,98	10,89	10,81	10,73	10,62	10,50	10,40	10,28	10,07	9,87	9,67	9,45	9,23	8,97	8,72	8,46	8,19	7,90	7,61	11,04
04/06/2019 02:25:00	11,02	10,98	10,90	10,83	10,78	10,65	10,49	10,32	10,21	10,09	9,93	9,74	9,56	9,34	9,13	8,87	8,60	8,33	8,06	7,77	7,48	11,03
04/06/2019 02:30:00	11,08	11,05	10,95	10,87	10,80	10,64	10,51	10,41	10,21	10,03	9,91	9,75	9,59	9,38	9,17	8,90	8,63	8,35	8,07	7,78	7,48	11,05
04/06/2019 02:35:00	11,09	11,02	10,87	10,72	10,57	10,47	10,34	10,18	10,04	9,88	9,68	9,48	9,27	9,05	8,83	8,57	8,31	8,05	7,78	7,50	7,22	11,04
04/06/2019 02:40:00	11,13	11,00	10,86	10,71	10,52	10,38	10,24	10,12	9,98	9,82	9,62	9,42	9,22	9,00	8,78	8,54	8,29	8,04	7,78	7,51	7,24	11,06
04/06/2019 02:45:00	10,99	10,85	10,74	10,64	10,56	10,40	10,23	10,06	9,92	9,74	9,51	9,27	9,02	8,77	8,52	8,25	7,97	7,70	7,42	7,12	6,83	11,01
04/06/2019 02:50:00	11,10	10,86	10,59	10,38	10,22	10,06	9,92	9,81	9,65	9,52	9,46	9,37	9,28	9,13	8,98	8,75	8,52	8,28	8,03	7,77	7,52	11,07
04/06/2019 02:55:00	11,03	10,75	10,49	10,26	10,08	9,96	9,85	9,77	9,84	9,98	10,18	10,33	10,48	10,50	10,52	10,39	10,27	10,11	9,95	9,78	9,60	10,98
04/06/2019 03:00:00	10,95	10,75	10,62	10,52	10,42	10,37	10,31	10,26	10,21	10,25	10,42	10,51	10,60	10,56	10,52	10,34	10,15	9,94	9,73	9,50	9,27	10,86
04/06/2019 03:05:00	10,80	10,76	10,54	10,37	10,27	10,13	10,00	9,90	9,76	9,66	9,60	9,51	9,42	9,27	9,11	8,89	8,66	8,42	8,17	7,91	7,66	10,73
04/06/2019 03:10:00	10,79	10,77	10,64	10,46	10,22	10,08	9,93	9,75	9,59	9,47	9,40	9,31	9,21	9,05	8,89	8,66	8,42	8,18	7,94	7,68	7,43	10,80
04/06/2019 03:15:00	10,82	10,82	10,71	10,58	10,43	10,31	10,14	9,92	9,74	9,59	9,47	9,32	9,17	8,96	8,76	8,49	8,22	7,95	7,68	7,40	7,12	10,78
04/06/2019 03:20:00	10,60	10,60	10,54	10,50	10,46	10,45	10,44	10,45	10,55	10,65	10,75	10,81	10,87	10,83	10,80	10,64	10,49	10,30	10,11	9,90	9,68	10,79
04/06/2019 03:25:00	10,65	10,84	10,86	10,83	10,72	10,56	10,41	10,29	10,14	10,05	10,06	10,00	9,95	9,81	9,67	9,43	9,18	8,93	8,67	8,41	8,15	10,72
04/06/2019 03:30:00	10,62	10,72	10,70	10,67	10,62	10,39	10,24	10,16	10,03	9,92	9,84	9,73	9,62	9,44	9,27	9,03	8,78	8,53	8,28	8,02	7,76	10,64
04/06/2019 03:35:00	10,60	10,67	10,66	10,58	10,41	10,24	10,07	9,92	9,82	9,77	9,80	9,78	9,75	9,63	9,52	9,29	9,07	8,84	8,61	8,37	8,14	10,64
04/06/2019 03:40:00	10,63	10,81	10,77	10,70	10,59	10,46	10,33	10,22	10,09	9,96	9,81	9,66	9,50	9,30	9,11	8,86	8,61	8,35	8,10	7,83	7,56	10,60
04/06/2019 03:45:00	10,56	10,71	10,71	10,67	10,60	10,52	10,39	10,25	10,14	10,03	9,94	9,81	9,68	9,50	9,31	9,06	8,81	8,54	8,28	8,01	7,73	10,56
04/06/2019 03:50:00	10,53	10,67	10,74	10,75	10,67	10,57	10,42	10,23	10,09	9,96	9,86	9,71	9,57	9,36	9,16	8,89	8,61	8,33	8,06	7,77	7,48	10,55
04/06/2019 03:55:00	10,53	10,67	10,75	10,77	10,74	10,61	10,48	10,36	10,23	10,09	9,96	9,79	9,62	9,41	9,19	8,92	8,66	8,38	8,11	7,82	7,53	10,55
04/06/2019 04:00:00	10,54	10,70	10,78	10,82	10,79	10,71	10,65	10,59	10,41	10,23	10,06	9,87	9,67	9,44	9,21	8,93	8,65	8,36	8,08	7,77	7,46	10,56
04/06/2019 04:05:00	10,58	10,65	10,73	10,77	10,74	10,64	10,51	10,36	10,22	10,07	9,88	9,67	9,46	9,21	8,97	8,69	8,41	8,12	7,83	7,53	7,23	10,60
04/06/2019 04:10:00	10,55	10,62	10,68	10,71	10,68	10,59	10,47	10,31	10,15	9,96	9,75	9,51	9,27	9,01	8,75	8,45	8,16	7,86	7,57	7,25	6,94	10,53
04/06/2019 04:15:00	10,52	10,73	10,78	10,78	10,71	10,60	10,44	10,27	10,06	9,86	9,66	9,43	9,20	8,94	8,68	8,39	8,09	7,79	7,50	7,19	6,88	10,52
04/06/2019 04:20:00	10,59	10,72	10,76	10,77	10,74	10,62	10,46	10,28	10,11	9,91	9,67	9,41	9,16	8,88	8,61	8,31	8,01	7,71	7,41	7,10	6,79	10,52
04/06/2019 04:25:00	10,50	10,74	10,79	10,76	10,61	10,45	10,31	10,19	9,97	9,74	9,51	9,27	9,03	8,77	8,51	8,23	7,94	7,66	7,37	7,08	6,78	10,55
04/06/2019 04:30:00	10,57	10,68	10,67	10,66	10,62	10,54	10,40	10,23	10,01	9,79	9,57	9,32	9,07	8,80	8,53	8,22	7,92	7,61	7,31	6,98	6,66	10,50
04/06/2019 04:35:00	10,49	10,55	10,57	10,58	10,55	10,48	10,39	10,27	10,15	9,96	9,68	9,40	9,12	8,85	8,57	8,29	8,02	7,73	7,44	7,13	6,82	10,50
04/06/2019 04:40:00	10,48	10,49	10,46	10,43	10,38	10,30	10,15	9,95	9,81	9,67	9,53	9,35	9,18	8,96	8,74	8,46	8,18	7,90	7,62	7,33	7,04	10,50
04/06/2019 04:45:00	10,45	10,57	10,52	10,45	10,34	10,27	10,14	9,99	9,79	9,64	9,57	9,44	9,32	9,13	8,94	8,68	8,41	8,14	7,86	7,58	7,29	10,50
04/06/2019 04:50:00	10,50	10,53	10,48	10,42	10,32	10,24	10,16	10,09	9,92	9,78	9,69	9,57	9,45	9,27	9,09	8,84	8,59	8,33	8,06	7,79	7,51	10,49
04/06/2019 04:55:00	10,46	10,48	10,53	10,51	10,39	10,31	10,18	10,02	9,83	9,65	9,50	9,31	9,12	8,89	8,65	8,37	8,09	7,81	7,53	7,23	6,94	10,47
04/06/2019 05:00:00	10,46	10,39	10,36	10,35	10,35	10,26	10,18	10,10	9,97	9,81	9,61	9,39	9,18	8,94	8,71	8,44	8,17	7,89	7,61	7,32	7,02	10,47
04/06/2019 05:05:00	10,41	10,45	10,44	10,44	10,42	10,37	10,28	10,18	10,00	9,82	9,64	9,43	9,22	8,98	8,74	8,46	8,17	7,88	7,59	7,28	6,97	10,40
04/06/2019 05:10:00	10,36	10,36	10,39	10,41	10,39	10,32	10,20	10,05	9,87	9,69	9,54	9,34	9,15	8,91	8,67	8,38	8,09	7,80	7,50	7,19	6,88	10,37
04/06/2019 05:15:00	10,42	10,51	10,53	10,48	10,37	10,26	10,16	10,06	9,89	9,73	9,56	9,38	9,20	8,98	8,77	8,51	8,25	7,98	7,71	7,43	7,15	10,40
04/06/2019 05:20:00	10,36	10,42	10,35	10,29	10,26	10,22	10,13	10,01	9,87	9,70	9,46	9,21	8,97	8,72	8,47	8,20	7,93	7,65	7,37	7,06	6,76	10,37
04/06/2019 05:25:00	10,36	10,40	10,37	10,32	10,23	10,11	9,96	9,80	9,63	9,47	9,33	9,17	9,00	8,78	8,57	8,30	8,03	7,75	7,48	7,20	6,92	10,32
04/06/2019 05:30:00	10,34	10,36	10,32	10,26	10,18	10,04	9,93	9,84	9,65	9,49	9,37	9,22	9,07	8,87	8,67	8,41	8,15	7,88	7,62	7,34	7,06	10,31
04/06/2019 05:35:00	10,34	10,46	10,43	10,39	10,34	10,24	10,09	9,92	9,72	9,51	9,31	9,08	8,85	8,59	8,34	8,04	7,75	7,46	7,17	6,86	6,55	10,34
04/06/2019 05:40:00	10,44	10,39	10,33	10,28	10,24	10,13	10,01	9,89	9,69	9,50	9,35	9,16	8,98	8,75	8,52	8,24	7,96	7,67	7,39	7,09	6,79	10,32
04/06/2019 05:45:00	10,29	10,36	10,32	10,27	10,22	10,10	9,95	9,78	9,63	9,48	9,34	9,16	8,99	8,77	8,56	8,29	8,02	7,74	7,47	7,19	6,90	10,33
04/06/2019 05:50:00	10,31	10,36	10,34	10,29	10,19	10,03	9,87	9,72	9,56	9,40	9,25	9,07	8,90	8,68	8,47	8,20	7,93	7,67	7,40	7,12	6,85	10,33
04/06/2019 05:55:00	10,31	10,33	10,34	10,29	10,16	10,00	9,86	9,75	9,59	9,43	9,28	9,10	8,93	8,72	8,51	8,25	7,99	7,73	7,47	7,20	6,93	10,33
04/06/2019 06:00:00	10,30	10,36	10,27	10,19	10,10	9,95	9,82	9,69	9,54	9,40	9,28	9,14	8,99	8,80	8,61	8,35	8,10	7,84	7,58	7,31	7,04	10,31
04/06/2019 06:05:00	10,31	10,36	10,32	10,27	10,19	10,08	9,93	9,76	9,57	9,40	9,25	9,06	8,88	8,65	8,42	8,14	7,86	7,58	7,30	7,01	6,72	10,35
04/06/2019 06:10:00	10,45	10,41	10,38	10,36	10,33	10,23	10,11	9,98	9,83	9,67	9,47	9,25	9,04	8,79	8,55	8,28	8,00	7,72	7,44	7,15	6,85	10,40
04/06/2019 06:15:00	10,43	10,46	10,42	10,38	10,33	10,24	10,07	9,85	9,66	9,49	9,33	9,14	8,94	8,70	8,46	8,17	7,87	7,58	7,29	6,98	6,68	10,48
04/06/2019 06:20:00	10,46	10,42	10,38	10,34	10,29	10,24	10,14	10,01	9,84	9,68	9,53	9,35	9,17	8,94	8,72	8,45	8,18	7,89	7,61	7,31	7,01	10,46
04/06/2019 06:25:00	10,57	10,45	10,42	10,38	10,29	10,17	10,04	9,91	9,72	9,54	9,38	9,19	8,99	8,77	8,54	8,26	7,98	7,71	7,43	7,14	6,84	10,78
04/06/2019 06:30:00	10,83	10,71	10,59	10,50	10,44	10,33	10,22	10,13	9,98	9,84	9,69	9,53	9,36	9,16	8,95	8,70	8,44	8,18	7,91	7,63	7,34	10,87
04/06/2019 06:35:00	10,75	10,50	10,42	10,38	10,35	10,20	10,11	10,07	9,90	9,72	9,54	9,33	9,12	8,89	8,67	8,40	8,14	7,86	7,58	7,29	6,99	10,75
04/06/2019 06:40:00	10,70	10,41	10,41	10,40	10,30	10,23	10,14	10,03	9,86	9,69	9,55	9,37	9,19	8,97	8,75	8,48	8,21	7,93	7,65	7,35	7,05	10,80
04/06/2019 06:45:00	10,74	10,59	10,55	10,50	10,41	10,28	10,12	9,93	9,76	9,57	9,36	9,13	8,90	8,64	8,39	8,10	7,81	7,53	7,24	6,94	6,64	10,85
04/06/2019 06:50:00	10,71	10,53	10,38	10,32	10,35	10,25	10,17	10,10	9,95	9,77	9,55	9,31	9,08	8,83	8,59	8,32	8,05	7,77	7,48	7,17	6,87	10,73
04/06/2019 06:55:00	10,70	10,46	10,44	10,41	10,32	10,23	10,13	10,02	9,83	9,64	9,43	9,19	8,96	8,71	8,46	8,18	7,90	7,61	7,33	7,03	6,72	10,67
04/06/2019 07:00:00	10,69	10,50	10,37	10,25	10,11	10,01	9,90	9,80	9,68	9,55	9,37	9,19	9,01	8,81	8,60	8,36	8,12	7,87	7,62	7,35	7,08	10,72
04/06/2019 07:05:00	10,86	10,55	10,47	10,41	10,33	10,23	10,07	9,88	9,72	9,56	9,38	9,17	8,96	8,72	8,48	8,20	7,92	7,63	7,35	7,05	6,75	10,79
04/06/2019 07:10:00	10,84	10,53	10,45	10,41	10,40	10,38	10,31	10,21	10,03	9,83	9,58	9,32	9,05	8,78	8,51	8,23	7,94	7,64	7,34	7,01	6,69	10,83
04/06/2019 07:15:00	10,82	10,63	10,59	10,50	10,32	10,18	10,04	9,88	9,65	9,43	9,25	9,04	8,83	8,59	8,34	8,06	7,78	7,49	7,21	6,92	6,62	10,99
04/06/2019 07:20:00	11,07	10,81	10,78	10,70	10,51	10,35	10,18	10,01	9,79	9,54	9,26	8,98	8,70	8,41	8,13	7,83	7,54	7,24	6,95	6,65	6,34	11,00
04/06/2019 07:25:00	11,13	10,87	10,74	10,58	10,37	10,18	10,02	9,89	9,68	9,47	9,28	9,08	8,87	8,64	8,41	8,15	7,88	7,61	7,35	7,07	6,79	10,98
04/06/2019 07:30:00	11,24	10,86	10,74	10,62	10,48	10,34	10,17	10,00	9,84	9,67	9,46	9,23	9,01	8,77	8,53	8,26	7,99	7,71	7,44	7,14	6,85	11,22
04/06/2019 07:35:00	11,24	10,99	10,85	10,71	10,54	10,34	10,15	9,98	9,80	9,60	9,35	9,10	8,85	8,60	8,34	8,07	7,80	7,52	7,25	6,97	6,68	11,52
04/06/2019 07:40:00	11,32	11,15	10,95	10,73	10,50	10,30	10,10	9,92	9,70	9,50	9,31	9,11	8,91	8,69	8,47	8,20	7,94	7,67	7,41	7,13	6,86	11,50
04/06/2019 07:45:00	11,71	11,45	11,19	10,95	10,73	10,50	10,30	10,15	9,91	9,69	9,51	9,32	9,12	8,90	8,68	8,41	8,15	7,88	7,61	7,33	7,04	11,63
04/06/2019 07:50:00	11,74	11,45	11,19	10,93	10,66	10,39	10,17	10,00	9,79	9,60	9,42	9,23	9,05	8,84	8,63	8,37	8,12	7,87	7,61	7,35	7,08	11,81
04/06/2019 07:55:00	11,93	11,45	11,10	10,80	10,57	10,51	10,37	10,16	9,98	9,79	9,55	9,31	9,08	8,84	8,59	8,34	8,08	7,80	7,53	7,23	6,94	12,12
04/06/2019 08:00:00	12,03	11,45	11,13	10,84	10,57	10,41	10,24	10,05	9,89	9,72	9,53	9,33	9,14	8,93	8,72	8,47	8,23	7,97	7,72	7,45	7,17	12,44
04/06/2019 08:05:00	12,01	11,50	11,11	10,81	10,61	10,39	10,16	9,92	9,76	9,60	9,45	9,27	9,10	8,90	8,69	8,44	8,19	7,93	7,67	7,40	7,13	12,09
04/06/2019 08:10:00	12,16	11,63	11,25	10,91	10,64	10,46	10,27	10,05	9,85	9,64	9,42	9,20	8,97	8,74	8,51	8,25	7,99	7,73	7,46	7,17	6,89	12,29
04/06/2019 08:15:00	12,21	11,66	11,18	10,81	10,59	10,31	10,07	9,86	9,63	9,42	9,27	9,10	8,93	8,72	8,52	8,26	8,01	7,75	7,48	7,21	6,93	12,51
04/06/2019 08:20:00	12,11	11,64	11,22	10,86	10,58	10,32	10,07	9,84	9,66	9,47	9,25	9,05	8,84	8,62	8,40	8,15	7,91	7,65	7,40	7,13	6,86	12,54
04/06/2019 08:25:00	12,11	11,63	11,23	10,90	10,65	10,37	10,10	9,85	9,59	9,35	9,12	8,89	8,65	8,40	8,15	7,87	7,60	7,32	7,04	6,75	6,47	12,14
04/06/2019 08:30:00	11,88	11,46	11,16	10,85	10,52	10,21	9,98	9,80	9,61	9,40	9,17	8,95	8,73	8,51	8,29	8,04	7,80	7,55	7,30	7,05	6,79	11,53
04/06/2019 08:35:00	11,81	11,49	11,13	10,77	10,42	10,16	9,94	9,76	9,51	9,30	9,14	8,98	8,82	8,63	8,43	8,19	7,95	7,70	7,45	7,19	6,94	11,45
04/06/2019 08:40:00	11,85	11,49	11,12	10,76	10,44	10,28	10,06	9,80	9,55	9,35	9,20	9,03	8,87	8,66	8,46	8,20	7,94	7,68	7,42	7,14	6,87	11,65
04/06/2019 08:45:00	11,64	11,24	10,95	10,66	10,38	10,07	9,84	9,69	9,45	9,22	9,03	8,83	8,64	8,42	8,20	7,94	7,69	7,43	7,18	6,91	6,65	11,65
04/06/2019 08:50:00	11,67	11,43	11,02	10,65	10,37	10,06	9,77	9,48	9,25	9,05	8,87	8,69	8,51	8,29	8,08	7,82	7,56	7,31	7,05	6,79	6,53	11,84
04/06/2019 08:55:00	11,75	11,38	11,00	10,66	10,37	10,11	9,88	9,67	9,42	9,19	8,99	8,78	8,58	8,35	8,13	7,87	7,61	7,35	7,08	6,81	6,54	11,83
04/06/2019 09:00:00	11,77	11,35	10,94	10,61	10,37	10,06	9,78	9,54	9,29	9,07	8,91	8,73	8,55	8,34	8,12	7,85	7,59	7,33	7,06	6,79	6,52	11,87
04/06/2019 09:05:00	11,79	11,28	10,88	10,55	10,30	10,06	9,84	9,64	9,38	9,15	8,98	8,79	8,61	8,39	8,17	7,91	7,64	7,37	7,11	6,83	6,55	11,81
04/06/2019 09:10:00	11,84	11,43	10,97	10,58	10,29	10,03	9,76	9,49	9,33	9,16	8,94	8,74	8,54	8,32	8,11	7,87	7,63	7,38	7,14	6,88	6,63	12,01
04/06/2019 09:15:00	11,88	11,45	11,01	10,62	10,28	10,01	9,75	9,50	9,29	9,10	8,90	8,71	8,52	8,31	8,11	7,86	7,62	7,37	7,13	6,87	6,62	12,04
04/06/2019 09:20:00	11,87	11,40	10,97	10,59	10,30	10,02	9,77	9,56	9,40	9,24	9,04	8,85	8,66	8,46	8,26	8,02	7,79	7,56	7,32	7,07	6,82	12,25
04/06/2019 09:25:00	11,91	11,48	11,07	10,70	10,38	10,05	9,78	9,59	9,39	9,19	8,96	8,75	8,55	8,33	8,11	7,87	7,63	7,39	7,15	6,90	6,65	11,97
04/06/2019 09:30:00	11,91	11,58	11,17	10,79	10,44	10,11	9,83	9,60	9,35	9,13	8,95	8,76	8,58	8,37	8,16	7,91	7,66	7,41	7,16	6,90	6,65	12,51
04/06/2019 09:35:00	12,06	11,49	11,12	10,77	10,44	10,15	9,87	9,58	9,37	9,18	8,97	8,77	8,56	8,34	8,11	7,85	7,59	7,34	7,08	6,82	6,56	12,68
04/06/2019 09:40:00	11,95	11,58	11,13	10,73	10,42	10,15	9,91	9,68	9,44	9,23	9,06	8,89	8,71	8,51	8,30	8,05	7,81	7,55	7,30	7,04	6,78	12,42
04/06/2019 09:45:00	11,96	11,59	11,15	10,75	10,45	10,17	9,93	9,72	9,48	9,25	9,04	8,83	8,63	8,41	8,19	7,93	7,68	7,43	7,17	6,90	6,63	12,39
04/06/2019 09:50:00	12,08	11,58	11,14	10,73	10,37	10,13	9,90	9,67	9,46	9,26	9,08	8,91	8,73	8,53	8,33	8,09	7,86	7,61	7,37	7,11	6,85	12,42
04/06/2019 09:55:00	12,05	11,54	11,20	10,90	10,63	10,39	10,14	9,90	9,66	9,42	9,19	8,95	8,70	8,45	8,20	7,92	7,64	7,37	7,09	6,80	6,51	12,27
04/06/2019 10:00:00	12,18	11,89	11,52	11,15	10,83	10,54	10,28	10,03	9,81	9,60	9,38	9,17	8,95	8,73	8,50	8,25	7,99	7,73	7,47	7,21	6,94	12,20
04/06/2019 10:05:00	12,21	11,92	11,45	11,07	10,83	10,51	10,25	10,03	9,82	9,61	9,35	9,11	8,88	8,64	8,40	8,14	7,89	7,63	7,36	7,09	6,82	12,28
04/06/2019 10:10:00	12,19	11,85	11,45	11,06	10,68	10,43	10,18	9,91	9,65	9,43	9,28	9,13	8,97	8,77	8,57	8,32	8,06	7,81	7,55	7,28	7,02	12,43
04/06/2019 10:15:00	12,43	11,97	11,55	11,16	10,81	10,57	10,33	10,07	9,86	9,66	9,43	9,21	9,00	8,77	8,54	8,29	8,04	7,78	7,52	7,25	6,98	12,30
04/06/2019 10:20:00	12,36	12,08	11,62	11,20	10,89	10,59	10,32	10,09	9,82	9,59	9,44	9,28	9,11	8,91	8,71	8,46	8,20	7,94	7,68	7,41	7,14	12,17
04/06/2019 10:25:00	12,39	12,04	11,61	11,24	10,96	10,71	10,44	10,14	9,95	9,76	9,51	9,28	9,05	8,81	8,57	8,30	8,04	7,78	7,51	7,23	6,96	12,01
04/06/2019 10:30:00	12,43	12,10	11,72	11,35	11,03	10,69	10,41	10,18	9,89	9,63	9,45	9,26	9,07	8,85	8,62	8,35	8,08	7,81	7,54	7,26	6,98	12,32
04/06/2019 10:35:00	12,50	12,13	11,68	11,28	11,00	10,69	10,38	10,07	9,89	9,70	9,45	9,21	8,97	8,74	8,50	8,24	7,98	7,72	7,46	7,19	6,92	12,54
04/06/2019 10:40:00	12,52	12,12	11,72	11,35	11,05	10,75	10,44	10,13	9,85	9,61	9,46	9,28	9,10	8,88	8,66	8,38	8,10	7,82	7,54	7,26	6,97	12,25
04/06/2019 10:45:00	12,56	12,14	11,75	11,38	11,03	10,78	10,53	10,27	10,07	9,84	9,51	9,22	8,93	8,66	8,39	8,12	7,86	7,59	7,32	7,04	6,75	12,53
04/06/2019 10:50:00	12,57	12,16	11,72	11,33	11,03	10,71	10,42	10,17	9,92	9,69	9,45	9,22	9,00	8,76	8,52	8,25	7,98	7,71	7,44	7,16	6,88	12,62
04/06/2019 10:55:00	12,63	12,25	11,80	11,39	11,06	10,75	10,47	10,23	9,93	9,67	9,46	9,26	9,05	8,82	8,59	8,32	8,05	7,77	7,50	7,21	6,93	12,69
04/06/2019 11:00:00	12,71	12,18	11,77	11,39	11,06	10,78	10,50	10,21	9,89	9,61	9,44	9,25	9,06	8,82	8,59	8,30	8,01	7,72	7,43	7,14	6,84	12,50
04/06/2019 11:05:00	12,47	12,04	11,62	11,21	10,84	10,52	10,22	9,92	9,67	9,44	9,21	8,99	8,77	8,53	8,29	8,03	7,76	7,50	7,24	6,97	6,70	12,52
04/06/2019 11:10:00	12,62	12,16	11,75	11,35	10,97	10,71	10,44	10,17	9,91	9,67	9,45	9,24	9,02	8,79	8,55	8,29	8,02	7,76	7,49	7,21	6,93	12,58
04/06/2019 11:15:00	12,54	12,11	11,64	11,20	10,85	10,51	10,21	9,96	9,73	9,51	9,28	9,07	8,85	8,63	8,41	8,16	7,91	7,65	7,40	7,14	6,88	12,29
04/06/2019 11:20:00	12,39	12,01	11,55	11,16	10,89	10,53	10,23	9,99	9,73	9,51	9,38	9,23	9,08	8,88	8,68	8,42	8,16	7,90	7,64	7,37	7,11	12,02
04/06/2019 11:25:00	12,13	11,64	11,21	10,85	10,56	10,26	10,01	9,81	9,50	9,23	9,10	8,93	8,76	8,55	8,34	8,07	7,80	7,53	7,25	6,97	6,69	12,00
04/06/2019 11:30:00	11,98	11,68	11,26	10,92	10,68	10,36	10,08	9,83	9,53	9,27	9,09	8,89	8,69	8,45	8,22	7,93	7,65	7,37	7,09	6,80	6,51	11,95
04/06/2019 11:35:00	12,05	11,75	11,36	10,98	10,62	10,29	9,97	9,67	9,47	9,27	9,02	8,79	8,57	8,33	8,10	7,85	7,59	7,34	7,10	6,84	6,59	12,06
04/06/2019 11:40:00	12,11	11,76	11,35	10,99	10,72	10,45	10,16	9,86	9,62	9,38	9,11	8,84	8,58	8,32	8,05	7,77	7,49	7,22	6,94	6,65	6,36	12,21
04/06/2019 11:45:00	12,10	11,71	11,44	11,18	10,89	10,69	10,44	10,16	10,01	9,82	9,51	9,22	8,94	8,66	8,39	8,13	7,86	7,59	7,31	7,03	6,75	12,40
04/06/2019 11:50:00	12,09	11,87	11,49	11,14	10,83	10,60	10,33	10,04	9,82	9,65	9,55	9,43	9,31	9,13	8,95	8,70	8,45	8,19	7,93	7,67	7,41	12,58
04/06/2019 11:55:00	12,17	11,87	11,56	11,26	10,99	10,72	10,46	10,21	10,04	9,87	9,67	9,47	9,27	9,05	8,83	8,58	8,32	8,06	7,81	7,54	7,27	12,26
04/06/2019 12:00:00	12,24	11,94	11,56	11,22	10,94	10,60	10,31	10,08	9,87	9,69	9,52	9,36	9,19	8,99	8,79	8,54	8,29	8,04	7,79	7,53	7,27	12,22
04/06/2019 12:05:00	12,16	11,85	11,57	11,26	10,90	10,62	10,37	10,13	9,89	9,69	9,54	9,37	9,20	9,00	8,80	8,54	8,29	8,03	7,77	7,51	7,25	12,25
04/06/2019 12:10:00	12,17	11,91	11,54	11,18	10,86	10,63	10,36	10,04	9,83	9,65	9,50	9,34	9,18	8,97	8,77	8,51	8,26	8,00	7,74	7,47	7,20	12,09
04/06/2019 12:15:00	12,11	11,90	11,55	11,23	10,98	10,67	10,38	10,12	9,89	9,70	9,54	9,36	9,19	8,98	8,76	8,50	8,24	7,97	7,71	7,43	7,16	12,30
04/06/2019 12:20:00	12,17	11,85	11,49	11,16	10,86	10,63	10,38	10,10	9,94	9,79	9,58	9,38	9,18	8,96	8,74	8,50	8,25	8,00	7,74	7,48	7,22	12,68
04/06/2019 12:25:00	12,23	11,99	11,60	11,24	10,94	10,75	10,54	10,31	10,09	9,89	9,68	9,48	9,27	9,05	8,83	8,58	8,33	8,06	7,80	7,52	7,24	12,67
04/06/2019 12:30:00	12,34	11,94	11,59	11,25	10,93	10,73	10,49	10,21	9,93	9,69	9,53	9,34	9,15	8,93	8,70	8,42	8,14	7,86	7,58	7,29	7,00	12,99
04/06/2019 12:35:00	12,42	12,00	11,65	11,33	11,04	10,73	10,46	10,23	9,97	9,72	9,50	9,27	9,05	8,81	8,56	8,29	8,01	7,73	7,46	7,17	6,88	12,52
04/06/2019 12:40:00	12,42	12,03	11,70	11,39	11,10	10,79	10,52	10,30	10,02	9,75	9,51	9,26	9,02	8,76	8,51	8,22	7,94	7,66	7,38	7,08	6,79	13,00
04/06/2019 12:45:00	12,41	11,98	11,62	11,29	11,00	10,77	10,52	10,25	10,02	9,81	9,63	9,44	9,25	9,03	8,81	8,54	8,28	8,00	7,73	7,44	7,16	12,94
04/06/2019 12:50:00	12,40	12,12	11,78	11,44	11,10	10,80	10,54	10,33	10,05	9,78	9,51	9,26	9,00	8,74	8,49	8,21	7,93	7,66	7,38	7,09	6,81	12,84
04/06/2019 12:55:00	12,35	12,09	11,73	11,39	11,10	10,82	10,57	10,34	10,04	9,74	9,48	9,22	8,97	8,70	8,43	8,14	7,85	7,56	7,26	6,96	6,66	12,47
04/06/2019 13:00:00	12,47	12,10	11,72	11,39	11,14	10,86	10,59	10,36	10,10	9,83	9,55	9,28	9,01	8,74	8,47	8,18	7,89	7,61	7,32	7,02	6,72	13,09
04/06/2019 13:05:00	12,61	12,26	11,79	11,39	11,09	10,76	10,49	10,27	9,95	9,66	9,48	9,29	9,09	8,86	8,64	8,36	8,08	7,80	7,52	7,24	6,95	13,24
04/06/2019 13:10:00	12,57	12,26	11,84	11,46	11,16	10,85	10,58	10,33	10,11	9,89	9,64	9,40	9,17	8,92	8,68	8,42	8,16	7,90	7,63	7,35	7,08	13,29
04/06/2019 13:15:00	12,49	12,27	11,93	11,59	11,25	11,00	10,72	10,40	10,14	9,93	9,75	9,56	9,38	9,15	8,93	8,66	8,38	8,11	7,83	7,55	7,27	13,32
04/06/2019 13:20:00	12,45	12,21	11,89	11,58	11,28	10,97	10,68	10,44	10,18	9,96	9,85	9,71	9,57	9,38	9,18	8,91	8,65	8,38	8,11	7,84	7,56	13,05
04/06/2019 13:25:00	12,41	12,18	11,85	11,57	11,34	11,10	10,85	10,59	10,37	10,15	9,94	9,72	9,51	9,27	9,03	8,75	8,47	8,19	7,90	7,60	7,31	12,84
04/06/2019 13:30:00	12,48	12,26	11,96	11,65	11,35	11,05	10,79	10,58	10,36	10,15	9,96	9,77	9,58	9,36	9,14	8,88	8,62	8,36	8,10	7,82	7,55	12,78
04/06/2019 13:35:00	12,57	12,31	12,02	11,75	11,51	11,21	10,93	10,70	10,47	10,24	10,02	9,79	9,57	9,32	9,08	8,80	8,52	8,23	7,95	7,66	7,37	13,20
04/06/2019 13:40:00	12,65	12,34	12,04	11,75	11,50	11,22	10,97	10,76	10,53	10,31	10,09	9,86	9,64	9,40	9,16	8,88	8,61	8,33	8,05	7,76	7,47	13,29
04/06/2019 13:45:00	12,75	12,42	12,11	11,81	11,51	11,34	11,13	10,88	10,73	10,59	10,38	10,19	9,99	9,78	9,56	9,32	9,07	8,80	8,54	8,26	7,98	13,35
04/06/2019 13:50:00	12,81	12,50	12,18	11,90	11,70	11,47	11,24	11,04	10,86	10,71	10,59	10,45	10,31	10,12	9,93	9,67	9,42	9,15	8,88	8,60	8,31	13,51
04/06/2019 13:55:00	12,93	12,57	12,20	11,88	11,65	11,40	11,18	11,00	10,84	10,70	10,61	10,50	10,39	10,22	10,06	9,82	9,59	9,33	9,08	8,81	8,54	13,50
04/06/2019 14:00:00	12,90	12,52	12,22	11,96	11,75	11,48	11,25	11,08	10,94	10,85	10,82	10,75	10,68	10,55	10,41	10,18	9,95	9,70	9,46	9,20	8,94	13,17
04/06/2019 14:05:00	12,96	12,69	12,37	12,07	11,79	11,53	11,35	11,24	11,08	10,95	10,88	10,80	10,72	10,58	10,44	10,22	10,00	9,76	9,52	9,26	9,00	13,18
04/06/2019 14:10:00	13,02	12,67	12,33	12,02	11,78	11,63	11,48	11,32	11,18	11,07	11,00	10,91	10,82	10,67	10,52	10,29	10,07	9,81	9,56	9,28	9,01	13,24
04/06/2019 14:15:00	13,26	13,05	12,75	12,46	12,18	11,98	11,81	11,65	11,55	11,45	11,32	11,19	11,06	10,89	10,73	10,51	10,29	10,04	9,79	9,53	9,26	13,36
04/06/2019 14:20:00	13,32	13,09	12,77	12,48	12,28	12,00	11,74	11,53	11,31	11,11	10,96	10,79	10,63	10,41	10,20	9,93	9,66	9,37	9,09	8,79	8,49	13,54
04/06/2019 14:25:00	13,30	12,98	12,77	12,53	12,22	12,03	11,81	11,57	11,36	11,17	11,02	10,86	10,69	10,48	10,27	10,00	9,73	9,44	9,16	8,86	8,56	13,28
04/06/2019 14:30:00	13,28	13,02	12,72	12,45	12,21	11,92	11,71	11,57	11,33	11,10	10,92	10,73	10,54	10,32	10,10	9,83	9,56	9,27	8,99	8,68	8,38	13,74
04/06/2019 14:35:00	13,59	13,26	12,98	12,73	12,51	12,35	12,15	11,91	11,69	11,48	11,31	11,11	10,92	10,69	10,46	10,17	9,89	9,58	9,28	8,96	8,63	13,62
04/06/2019 14:40:00	13,59	13,32	13,00	12,71	12,50	12,28	12,06	11,83	11,63	11,45	11,33	11,19	11,04	10,85	10,65	10,38	10,12	9,83	9,54	9,24	8,93	13,81
04/06/2019 14:45:00	13,71	13,30	12,98	12,71	12,51	12,26	12,02	11,80	11,62	11,47	11,35	11,20	11,05	10,86	10,66	10,40	10,13	9,85	9,57	9,27	8,97	13,99
04/06/2019 14:50:00	13,78	13,41	13,11	12,85	12,64	12,43	12,19	11,94	11,70	11,49	11,34	11,15	10,97	10,75	10,52	10,23	9,94	9,63	9,32	9,00	8,68	14,21
04/06/2019 14:55:00	13,86	13,57	13,25	12,93	12,64	12,35	12,08	11,85	11,61	11,39	11,21	11,02	10,82	10,60	10,38	10,10	9,82	9,53	9,25	8,94	8,64	14,41
04/06/2019 15:00:00	13,74	13,43	13,19	12,93	12,61	12,35	12,10	11,86	11,57	11,29	11,09	10,87	10,65	10,40	10,15	9,85	9,55	9,24	8,93	8,61	8,29	14,05
04/06/2019 15:05:00	13,68	13,32	13,02	12,73	12,45	12,26	12,04	11,77	11,52	11,28	11,05	10,81	10,58	10,32	10,06	9,77	9,47	9,16	8,85	8,53	8,20	13,62
04/06/2019 15:10:00	13,69	13,45	13,19	12,91	12,63	12,38	12,12	11,84	11,58	11,30	10,98	10,67	10,36	10,06	9,76	9,45	9,14	8,82	8,51	8,17	7,84	13,94
04/06/2019 15:15:00	13,74	13,49	13,20	12,90	12,59	12,23	11,91	11,64	11,34	11,05	10,77	10,50	10,23	9,94	9,66	9,35	9,05	8,74	8,43	8,11	7,79	14,17
04/06/2019 15:20:00	13,72	13,43	13,12	12,80	12,48	12,20	11,91	11,60	11,29	11,00	10,75	10,49	10,24	9,96	9,68	9,37	9,06	8,75	8,43	8,11	7,78	14,06
04/06/2019 15:25:00	13,84	13,33	13,00	12,70	12,42	12,14	11,86	11,59	11,35	11,13	10,89	10,66	10,42	10,16	9,91	9,62	9,33	9,03	8,73	8,41	8,10	14,26
04/06/2019 15:30:00	13,86	13,46	13,12	12,82	12,56	12,32	12,07	11,82	11,55	11,28	10,99	10,71	10,43	10,15	9,86	9,56	9,25	8,94	8,62	8,28	7,95	13,90
04/06/2019 15:35:00	14,00	13,58	13,26	12,94	12,59	12,29	12,00	11,73	11,46	11,18	10,87	10,58	10,28	9,99	9,70	9,40	9,10	8,79	8,49	8,17	7,85	14,15
04/06/2019 15:40:00	13,94	13,55	13,23	12,89	12,53	12,25	11,98	11,72	11,38	11,06	10,84	10,60	10,36	10,10	9,84	9,53	9,22	8,91	8,59	8,27	7,94	14,26
04/06/2019 15:45:00	14,07	13,61	13,27	12,96	12,67	12,34	12,02	11,70	11,40	11,12	10,85	10,57	10,29	10,01	9,72	9,40	9,09	8,77	8,45	8,12	7,79	14,99
04/06/2019 15:50:00	14,19	13,62	13,22	12,86	12,57	12,35	12,08	11,75	11,45	11,18	10,98	10,76	10,54	10,29	10,03	9,72	9,42	9,10	8,78	8,44	8,11	14,69
04/06/2019 15:55:00	14,13	13,73	13,39	13,09	12,84	12,55	12,29	12,08	11,83	11,56	11,22	10,91	10,60	10,30	10,00	9,70	9,40	9,08	8,76	8,43	8,09	14,47
04/06/2019 16:00:00	14,18	13,75	13,48	13,21	12,94	12,64	12,36	12,11	11,83	11,53	11,19	10,87	10,55	10,23	9,92	9,60	9,28	8,95	8,63	8,28	7,94	14,90
04/06/2019 16:05:00	14,25	13,83	13,53	13,29	13,12	12,92	12,68	12,42	12,14	11,86	11,56	11,25	10,94	10,63	10,32	9,99	9,66	9,32	8,97	8,60	8,24	14,49
04/06/2019 16:10:00	14,25	13,78	13,49	13,26	13,08	12,86	12,62	12,35	12,06	11,75	11,45	11,14	10,83	10,52	10,20	9,87	9,53	9,18	8,83	8,46	8,10	14,42
04/06/2019 16:15:00	14,31	13,88	13,54	13,23	12,91	12,59	12,32	12,11	11,90	11,68	11,34	11,04	10,74	10,46	10,18	9,90	9,62	9,32	9,02	8,71	8,39	14,62
04/06/2019 16:20:00	14,44	13,93	13,58	13,28	13,03	12,74	12,50	12,31	12,09	11,84	11,48	11,16	10,83	10,53	10,23	9,93	9,64	9,32	9,01	8,67	8,34	14,58
04/06/2019 16:25:00	14,46	14,03	13,72	13,43	13,15	12,93	12,70	12,45	12,16	11,86	11,59	11,32	11,05	10,76	10,48	10,16	9,84	9,51	9,18	8,83	8,48	14,74
04/06/2019 16:30:00	14,57	14,03	13,76	13,57	13,44	13,27	13,04	12,75	12,46	12,14	11,81	11,46	11,11	10,76	10,42	10,06	9,71	9,34	8,97	8,57	8,18	14,76
04/06/2019 16:35:00	14,66	14,07	13,67	13,37	13,19	13,03	12,82	12,56	12,33	12,09	11,75	11,43	11,11	10,80	10,49	10,18	9,87	9,53	9,20	8,83	8,47	15,07
04/06/2019 16:40:00	14,66	14,20	13,88	13,60	13,34	13,12	12,89	12,64	12,36	12,08	11,78	11,49	11,20	10,90	10,61	10,29	9,97	9,64	9,30	8,94	8,58	15,27
04/06/2019 16:45:00	14,71	14,24	13,93	13,65	13,40	13,24	13,02	12,71	12,40	12,09	11,79	11,49	11,18	10,87	10,55	10,22	9,88	9,53	9,17	8,80	8,42	15,29
04/06/2019 16:50:00	14,69	14,20	13,95	13,76	13,57	13,36	13,10	12,79	12,52	12,25	11,94	11,62	11,30	10,98	10,66	10,32	9,98	9,63	9,27	8,90	8,52	15,22
04/06/2019 16:55:00	14,89	14,36	14,03	13,79	13,61	13,46	13,26	12,99	12,69	12,38	12,06	11,73	11,41	11,08	10,75	10,41	10,07	9,70	9,34	8,94	8,55	15,59
04/06/2019 17:00:00	15,04	14,62	14,33	14,06	13,81	13,47	13,12	12,80	12,44	12,07	11,74	11,40	11,06	10,72	10,38	10,02	9,66	9,30	8,93	8,56	8,18	15,44
04/06/2019 17:05:00	15,47	14,82	14,47	14,18	13,92	13,67	13,41	13,14	12,87	12,58	12,16	11,78	11,39	11,04	10,68	10,35	10,01	9,66	9,31	8,93	8,55	17,10
04/06/2019 17:10:00	15,64	15,10	14,75	14,42	14,07	13,69	13,34	13,03	12,74	12,45	12,04	11,66	11,28	10,94	10,59	10,26	9,93	9,59	9,25	8,90	8,54	18,13
04/06/2019 17:15:00	15,70	15,20	14,92	14,65	14,34	14,03	13,70	13,38	13,00	12,59	12,22	11,83	11,45	11,08	10,72	10,34	9,97	9,59	9,21	8,81	8,41	17,72
04/06/2019 17:20:00	15,70	15,27	14,94	14,63	14,33	14,04	13,72	13,35	13,00	12,65	12,21	11,80	11,39	11,01	10,63	10,26	9,90	9,52	9,14	8,74	8,34	16,95
04/06/2019 17:25:00	16,00	15,63	15,34	15,04	14,66	14,34	13,99	13,57	13,14	12,70	12,27	11,84	11,42	11,01	10,61	10,22	9,82	9,43	9,03	8,62	8,21	17,29
04/06/2019 17:30:00	16,27	15,93	15,56	15,15	14,66	14,22	13,79	13,35	12,89	12,44	12,03	11,63	11,23	10,85	10,47	10,09	9,71	9,33	8,96	8,58	8,20	17,91
04/06/2019 17:35:00	16,20	15,91	15,45	14,98	14,54	14,12	13,75	13,42	13,02	12,60	12,21	11,84	11,48	11,14	10,79	10,44	10,10	9,74	9,38	9,02	8,65	17,81
04/06/2019 17:40:00	16,16	15,79	15,44	15,08	14,70	14,38	14,01	13,56	13,16	12,78	12,36	11,96	11,55	11,17	10,79	10,41	10,03	9,64	9,26	8,86	8,46	18,09
04/06/2019 17:45:00	16,64	16,04	15,57	15,14	14,78	14,36	13,91	13,46	13,01	12,57	12,17	11,78	11,38	10,99	10,61	10,22	9,83	9,44	9,05	8,65	8,25	18,09
04/06/2019 17:50:00	16,29	15,90	15,50	15,11	14,71	14,30	13,90	13,48	13,03	12,55	12,13	11,73	11,32	10,92	10,53	10,14	9,75	9,36	8,97	8,57	8,17	17,17
04/06/2019 17:55:00	16,24	15,93	15,44	14,95	14,52	14,10	13,67	13,23	12,84	12,47	12,01	11,60	11,19	10,81	10,44	10,08	9,73	9,36	9,00	8,63	8,26	16,80
04/06/2019 18:00:00	16,52	16,01	15,59	15,18	14,78	14,34	13,90	13,47	13,00	12,50	12,02	11,55	11,09	10,66	10,24	9,83	9,43	9,03	8,63	8,22	7,81	18,08
04/06/2019 18:05:00	16,51	16,12	15,68	15,23	14,76	14,27	13,73	13,09	12,43	11,76	11,40	10,99	10,57	10,14	9,71	9,25	8,78	8,34	7,91	7,47	7,04	17,98
04/06/2019 18:10:00	14,18	13,96	13,87	13,66	13,25	13,03	12,82	12,62	12,48	12,40	12,40	12,37	12,33	12,22	12,10	11,87	11,64	11,40	11,15	10,89	10,63	14,27
04/06/2019 18:15:00	12,87	13,31	13,39	13,34	13,14	12,86	12,69	12,66	12,65	12,71	12,88	12,98	13,09	13,08	13,06	12,88	12,71	12,50	12,30	12,09	11,88	12,27
04/06/2019 18:20:00	13,26	13,51	13,55	13,56	13,56	13,50	13,42	13,34	13,30	13,27	13,24	13,17	13,10	12,95	12,81	12,56	12,32	12,03	11,75	11,44	11,13	11,94
04/06/2019 18:25:00	13,96	14,53	14,59	14,55	14,37	14,18	13,97	13,76	13,50	13,23	12,92	12,63	12,33	12,02	11,71	11,38	11,04	10,69	10,34	9,97	9,60	11,89
04/06/2019 18:30:00	14,02	14,95	15,02	14,91	14,62	14,33	14,00	13,61	13,24	12,88	12,53	12,18	11,83	11,48	11,13	10,75	10,38	10,00	9,63	9,26	8,89	12,47
04/06/2019 18:35:00	13,32	14,61	14,94	15,04	14,88	14,64	14,34	13,99	13,64	13,27	12,87	12,48	12,08	11,69	11,29	10,89	10,49	10,09	9,69	9,30	8,90	12,43
04/06/2019 18:40:00	13,32	14,70	15,04	15,11	14,86	14,57	14,26	13,91	13,52	13,13	12,71	12,30	11,90	11,50	11,10	10,70	10,29	9,90	9,51	9,12	8,73	12,27
04/06/2019 18:45:00	13,45	14,91	15,08	15,05	14,86	14,52	14,16	13,78	13,38	12,99	12,61	12,23	11,86	11,48	11,11	10,71	10,31	9,92	9,52	9,14	8,75	12,43
04/06/2019 18:50:00	13,89	15,06	15,08	14,94	14,69	14,31	13,93	13,53	13,14	12,77	12,40	12,06	11,71	11,35	11,00	10,62	10,24	9,86	9,49	9,12	8,75	12,50
04/06/2019 18:55:00	14,08	15,05	14,98	14,77	14,45	14,09	13,75	13,45	13,08	12,72	12,38	12,07	11,77	11,45	11,13	10,78	10,43	10,08	9,73	9,38	9,03	13,59
04/06/2019 19:00:00	14,29	14,84	14,88	14,82	14,66	14,39	14,07	13,72	13,41	13,10	12,69	12,29	11,89	11,51	11,13	10,75	10,37	9,99	9,61	9,22	8,83	15,39
04/06/2019 19:05:00	14,47	14,89	14,94	14,86	14,62	14,39	14,13	13,84	13,47	13,08	12,71	12,34	11,97	11,60	11,23	10,85	10,47	10,08	9,69	9,30	8,90	16,41
04/06/2019 19:10:00	14,34	14,64	14,73	14,75	14,70	14,49	14,23	13,95	13,63	13,29	12,90	12,50	12,10	11,71	11,32	10,92	10,53	10,12	9,72	9,30	8,88	15,91
04/06/2019 19:15:00	14,33	14,71	14,79	14,76	14,59	14,39	14,15	13,86	13,54	13,19	12,85	12,49	12,13	11,78	11,42	11,04	10,66	10,28	9,89	9,50	9,10	15,45
04/06/2019 19:20:00	14,42	14,76	14,89	14,94	14,85	14,65	14,41	14,14	13,80	13,42	13,00	12,57	12,15	11,74	11,33	10,92	10,52	10,11	9,69	9,26	8,84	15,83
04/06/2019 19:25:00	14,60	14,98	15,08	15,07	14,90	14,58	14,27	14,00	13,68	13,32	12,84	12,39	11,94	11,53	11,12	10,73	10,34	9,95	9,56	9,16	8,76	16,30
04/06/2019 19:30:00	14,85	15,16	15,18	15,08	14,80	14,50	14,17	13,78	13,42	13,07	12,69	12,31	11,93	11,56	11,19	10,80	10,42	10,04	9,65	9,27	8,88	16,72
04/06/2019 19:35:00	15,12	15,21	15,18	15,07	14,86	14,58	14,26	13,92	13,57	13,20	12,81	12,42	12,03	11,65	11,27	10,88	10,49	10,10	9,71	9,31	8,90	17,55
04/06/2019 19:40:00	15,22	15,39	15,33	15,17	14,89	14,57	14,23	13,89	13,53	13,16	12,75	12,34	11,94	11,56	11,18	10,80	10,42	10,04	9,66	9,26	8,87	17,27
04/06/2019 19:45:00	15,47	15,49	15,36	15,17	14,88	14,46	14,06	13,71	13,38	13,03	12,57	12,14	11,70	11,31	10,92	10,54	10,17	9,80	9,43	9,05	8,67	17,42
04/06/2019 19:50:00	15,45	15,43	15,23	14,98	14,66	14,30	13,96	13,67	13,33	12,96	12,53	12,14	11,74	11,37	11,01	10,65	10,29	9,92	9,56	9,18	8,80	16,24
04/06/2019 19:55:00	15,60	15,47	15,24	14,97	14,70	14,30	13,92	13,61	13,27	12,90	12,49	12,09	11,70	11,33	10,96	10,60	10,23	9,87	9,50	9,12	8,74	17,05
04/06/2019 20:00:00	15,68	15,59	15,26	14,92	14,61	14,27	13,93	13,60	13,18	12,75	12,43	12,10	11,77	11,43	11,09	10,72	10,35	9,98	9,60	9,21	8,82	17,50
04/06/2019 20:05:00	15,77	15,56	15,24	14,92	14,61	14,35	14,08	13,75	13,39	13,02	12,64	12,27	11,90	11,55	11,19	10,84	10,48	10,10	9,73	9,33	8,94	16,49
04/06/2019 20:10:00	15,88	15,60	15,26	14,92	14,60	14,34	14,06	13,71	13,35	13,00	12,68	12,36	12,04	11,71	11,39	11,04	10,69	10,32	9,95	9,56	9,18	16,67
04/06/2019 20:15:00	15,73	15,65	15,45	15,20	14,88	14,52	14,11	13,68	13,30	12,94	12,60	12,25	11,90	11,55	11,19	10,82	10,44	10,06	9,69	9,30	8,92	16,09
04/06/2019 20:20:00	15,58	15,65	15,34	15,00	14,67	14,31	13,95	13,60	13,25	12,91	12,60	12,30	12,00	11,69	11,38	11,04	10,70	10,34	9,99	9,63	9,26	15,29
04/06/2019 20:25:00	15,44	15,43	15,29	15,09	14,80	14,42	14,06	13,73	13,35	12,94	12,57	12,19	11,81	11,45	11,08	10,70	10,32	9,94	9,56	9,17	8,78	14,80
04/06/2019 20:30:00	15,12	15,12	14,91	14,63	14,27	13,99	13,68	13,32	13,00	12,67	12,27	11,89	11,51	11,16	10,81	10,46	10,11	9,76	9,40	9,03	8,66	14,75
04/06/2019 20:35:00	15,07	15,18	14,91	14,64	14,42	14,09	13,73	13,38	13,01	12,64	12,30	11,97	11,63	11,28	10,94	10,57	10,21	9,83	9,45	9,07	8,68	14,82
04/06/2019 20:40:00	15,25	15,22	14,98	14,68	14,34	13,99	13,63	13,24	12,89	12,55	12,19	11,85	11,50	11,16	10,81	10,46	10,11	9,75	9,40	9,03	8,67	15,50
04/06/2019 20:45:00	15,27	15,15	14,90	14,65	14,39	13,98	13,60	13,32	12,97	12,60	12,20	11,81	11,43	11,07	10,70	10,34	9,98	9,62	9,25	8,88	8,50	15,70
04/06/2019 20:50:00	15,22	15,09	14,85	14,60	14,32	14,01	13,68	13,35	12,98	12,60	12,25	11,90	11,55	11,20	10,85	10,49	10,12	9,75	9,37	8,99	8,60	15,35
04/06/2019 20:55:00	15,14	15,20	14,99	14,73	14,45	14,12	13,80	13,47	13,09	12,70	12,32	11,96	11,59	11,23	10,87	10,50	10,13	9,75	9,38	8,99	8,60	15,04
04/06/2019 21:00:00	15,15	15,12	14,96	14,75	14,47	14,16	13,82	13,47	13,16	12,86	12,44	12,04	11,65	11,28	10,91	10,56	10,20	9,84	9,47	9,10	8,72	15,25
04/06/2019 21:05:00	15,08	15,12	14,99	14,78	14,47	14,16	13,84	13,52	13,17	12,80	12,37	11,97	11,57	11,20	10,82	10,45	10,08	9,71	9,34	8,95	8,57	15,47
04/06/2019 21:10:00	15,06	15,04	14,97	14,82	14,55	14,27	13,97	13,65	13,26	12,83	12,41	11,99	11,56	11,16	10,76	10,37	9,97	9,58	9,18	8,77	8,36	15,84
04/06/2019 21:15:00	15,14	15,03	14,86	14,66	14,42	14,20	13,92	13,56	13,24	12,90	12,43	11,99	11,55	11,15	10,75	10,38	10,00	9,61	9,23	8,82	8,42	16,04
04/06/2019 21:20:00	15,00	15,26	15,03	14,74	14,47	14,08	13,68	13,30	12,92	12,53	12,18	11,84	11,49	11,14	10,79	10,43	10,06	9,69	9,32	8,95	8,57	15,16
04/06/2019 21:25:00	15,04	15,14	14,88	14,60	14,32	13,93	13,58	13,30	12,90	12,49	12,19	11,88	11,57	11,25	10,92	10,57	10,21	9,85	9,48	9,11	8,74	14,99
04/06/2019 21:30:00	14,87	15,06	14,92	14,72	14,47	14,17	13,84	13,49	13,11	12,72	12,29	11,87	11,46	11,06	10,67	10,29	9,90	9,51	9,13	8,73	8,33	14,78
04/06/2019 21:35:00	14,95	15,07	14,93	14,71	14,39	14,04	13,66	13,27	12,92	12,57	12,13	11,72	11,31	10,93	10,55	10,18	9,80	9,44	9,07	8,69	8,32	14,29
04/06/2019 21:40:00	15,02	15,08	14,87	14,61	14,27	13,97	13,66	13,31	12,92	12,52	12,19	11,86	11,52	11,18	10,84	10,48	10,11	9,74	9,37	9,00	8,62	13,99
04/06/2019 21:45:00	14,94	15,18	14,96	14,68	14,35	14,02	13,66	13,23	12,88	12,55	12,18	11,82	11,47	11,12	10,78	10,42	10,06	9,70	9,33	8,97	8,60	14,02
04/06/2019 21:50:00	14,85	15,09	14,93	14,71	14,45	14,08	13,69	13,28	12,93	12,59	12,17	11,77	11,37	10,99	10,61	10,24	9,86	9,49	9,12	8,74	8,36	13,92
04/06/2019 21:55:00	14,76	15,05	14,93	14,72	14,42	14,06	13,69	13,29	12,93	12,56	12,12	11,71	11,30	10,91	10,53	10,15	9,78	9,40	9,03	8,65	8,27	14,10
04/06/2019 22:00:00	14,73	15,08	14,98	14,76	14,37	13,97	13,58	13,21	12,81	12,40	12,02	11,66	11,29	10,93	10,56	10,19	9,82	9,46	9,09	8,73	8,36	13,84
04/06/2019 22:05:00	14,67	14,97	14,83	14,61	14,30	13,90	13,54	13,24	12,86	12,46	12,14	11,82	11,50	11,17	10,84	10,48	10,12	9,76	9,40	9,04	8,68	14,12
04/06/2019 22:10:00	14,57	15,16	15,02	14,77	14,42	14,06	13,70	13,33	12,93	12,54	12,19	11,86	11,52	11,18	10,84	10,48	10,12	9,75	9,39	9,03	8,66	14,17
04/06/2019 22:15:00	14,25	14,70	14,58	14,40	14,22	13,91	13,59	13,27	12,89	12,50	12,12	11,75	11,38	11,01	10,64	10,27	9,89	9,50	9,12	8,73	8,34	14,14
04/06/2019 22:20:00	14,13	14,54	14,52	14,41	14,18	13,95	13,68	13,38	13,04	12,68	12,28	11,89	11,50	11,13	10,75	10,38	10,01	9,64	9,26	8,87	8,48	14,04
04/06/2019 22:25:00	14,09	14,57	14,62	14,56	14,34	14,01	13,66	13,33	13,02	12,68	12,24	11,83	11,41	11,03	10,64	10,27	9,89	9,52	9,15	8,77	8,40	13,84
04/06/2019 22:30:00	14,07	14,53	14,51	14,39	14,16	13,88	13,58	13,25	12,89	12,50	12,07	11,66	11,25	10,86	10,47	10,09	9,71	9,33	8,94	8,55	8,16	13,92
04/06/2019 22:35:00	14,03	14,50	14,44	14,29	14,05	13,69	13,34	13,01	12,65	12,28	11,89	11,52	11,14	10,78	10,41	10,04	9,67	9,31	8,94	8,57	8,20	14,01
04/06/2019 22:40:00	14,11	14,52	14,56	14,49	14,29	13,92	13,56	13,25	12,91	12,56	12,16	11,77	11,38	11,01	10,63	10,26	9,88	9,51	9,14	8,76	8,38	14,12
04/06/2019 22:45:00	14,03	14,56	14,57	14,46	14,23	13,85	13,48	13,17	12,80	12,41	11,99	11,58	11,18	10,79	10,40	10,02	9,64	9,26	8,89	8,51	8,14	13,55
04/06/2019 22:50:00	14,14	14,56	14,54	14,42	14,18	13,86	13,54	13,21	12,86	12,50	12,12	11,75	11,38	11,02	10,65	10,28	9,91	9,54	9,17	8,79	8,42	14,28
04/06/2019 22:55:00	14,32	14,57	14,48	14,35	14,16	13,90	13,61	13,30	12,94	12,57	12,19	11,81	11,43	11,06	10,69	10,31	9,94	9,55	9,17	8,77	8,38	14,24
04/06/2019 23:00:00	14,33	14,61	14,56	14,44	14,22	13,98	13,68	13,32	12,99	12,66	12,26	11,87	11,48	11,11	10,73	10,36	9,98	9,60	9,22	8,84	8,45	14,07
04/06/2019 23:05:00	14,01	14,25	14,26	14,16	13,89	13,56	13,24	12,94	12,58	12,20	11,82	11,45	11,07	10,71	10,34	9,97	9,60	9,23	8,86	8,49	8,11	13,91
04/06/2019 23:10:00	13,87	14,35	14,27	14,11	13,85	13,48	13,12	12,79	12,44	12,09	11,68	11,30	10,91	10,55	10,18	9,82	9,46	9,10	8,74	8,38	8,02	13,86
04/06/2019 23:15:00	13,84	14,10	14,05	13,98	13,88	13,64	13,33	12,98	12,62	12,25	11,88	11,49	11,10	10,71	10,33	9,93	9,54	9,14	8,75	8,34	7,93	13,37
04/06/2019 23:20:00	13,77	14,31	14,38	14,31	14,07	13,76	13,43	13,08	12,70	12,30	11,88	11,48	11,07	10,67	10,28	9,89	9,49	9,11	8,73	8,34	7,95	13,53
04/06/2019 23:25:00	13,59	14,54	14,53	14,35	14,03	13,70	13,33	12,93	12,57	12,19	11,74	11,32	10,91	10,53	10,14	9,77	9,40	9,03	8,67	8,31	7,94	13,76
04/06/2019 23:30:00	11,84	13,42	14,01	14,35	14,40	14,18	13,90	13,59	13,24	12,85	12,36	11,87	11,38	10,92	10,45	10,01	9,56	9,13	8,71	8,28	7,86	13,06
04/06/2019 23:35:00	12,14	13,40	13,98	14,30	14,28	14,07	13,80	13,50	13,12	12,70	12,21	11,71	11,22	10,75	10,28	9,83	9,38	8,95	8,52	8,09	7,66	11,69
04/06/2019 23:40:00	12,35	13,50	13,96	14,18	14,10	13,97	13,72	13,40	13,10	12,73	12,23	11,74	11,25	10,81	10,36	9,94	9,53	9,12	8,72	8,31	7,90	12,09
04/06/2019 23:45:00	12,23	13,34	13,72	13,89	13,82	13,61	13,36	13,07	12,75	12,37	11,88	11,41	10,94	10,50	10,07	9,66	9,25	8,86	8,46	8,06	7,66	12,20
04/06/2019 23:50:00	12,39	13,37	13,70	13,82	13,71	13,52	13,30	13,06	12,68	12,30	11,93	11,56	11,18	10,80	10,42	10,03	9,63	9,24	8,85	8,46	8,06	12,30
04/06/2019 23:55:00	12,27	13,18	13,60	13,82	13,78	13,65	13,42	13,11	12,78	12,41	11,98	11,54	11,10	10,67	10,25	9,83	9,41	9,00	8,59	8,18	7,76	12,10
