FileFormat:0002.2 file with temperature of atmosphere
SN105HE102
local	GMT or Local
0	GMT-Local=[hours]
0	Height[m]
0	0	0	Longitude                [grd]               [min]               [sec]
0	0	0	Latitude                [grd]               [min]               [sec]
N	NS
56,45	Freq[GHz]
0,00	dTemostat[K]
0,150	MessErr[K]
0,248	//[grad/step]
version 14.4.20120406
MTP5HE102F5645K-38.60I70D219217+A1.1
Commentary:
SN105HE102
парабола ДНА = 2,5 град
НЕ102 - ПУ - ХВБ с ЦСД " S "
АЦП - 202 - 09 с контр.U пит.и М
оптопара серии - 2
Т out № 178 пл
БП LPS - 112
End Of Commentary

SYSTEM\summer.dat
data time	0	50	100	150	200	250	300	350	400	450	500	550	600	650	700	750	800	850	900	950	1000	OutsideTemperature
09/06/2019 00:00:00	14,66	15,48	15,78	15,89	15,74	15,50	15,22	14,92	14,57	14,18	13,78	13,37	12,96	12,56	12,15	11,74	11,33	10,91	10,50	10,07	9,65	14,57
09/06/2019 00:05:00	14,74	15,53	15,73	15,71	15,45	15,19	14,89	14,54	14,14	13,74	13,41	13,06	12,71	12,35	11,98	11,58	11,18	10,79	10,39	9,99	9,59	15,14
09/06/2019 00:10:00	14,58	15,02	15,31	15,46	15,38	15,29	15,10	14,80	14,49	14,14	13,75	13,34	12,93	12,52	12,12	11,71	11,29	10,87	10,44	10,00	9,56	14,45
09/06/2019 00:15:00	14,55	15,09	15,36	15,45	15,27	15,06	14,83	14,59	14,31	14,01	13,63	13,26	12,88	12,52	12,15	11,78	11,40	11,02	10,64	10,25	9,85	14,41
09/06/2019 00:20:00	14,56	15,40	15,67	15,79	15,71	15,52	15,26	14,93	14,59	14,22	13,85	13,45	13,06	12,66	12,27	11,85	11,43	11,01	10,59	10,15	9,72	14,21
09/06/2019 00:25:00	14,56	15,10	15,41	15,57	15,54	15,36	15,14	14,94	14,69	14,41	14,00	13,59	13,19	12,80	12,42	12,03	11,65	11,25	10,85	10,43	10,01	14,46
09/06/2019 00:30:00	14,44	15,19	15,41	15,50	15,42	15,26	15,01	14,68	14,45	14,21	13,79	13,38	12,98	12,60	12,21	11,83	11,45	11,06	10,67	10,26	9,85	14,30
09/06/2019 00:35:00	14,43	14,71	15,14	15,44	15,44	15,35	15,22	15,10	14,84	14,52	14,13	13,73	13,32	12,92	12,53	12,12	11,72	11,31	10,89	10,44	10,00	14,35
09/06/2019 00:40:00	14,40	14,87	15,25	15,50	15,53	15,40	15,21	15,01	14,71	14,36	13,97	13,55	13,14	12,73	12,32	11,90	11,48	11,05	10,62	10,17	9,73	14,17
09/06/2019 00:45:00	14,27	15,05	15,38	15,54	15,48	15,29	15,07	14,86	14,55	14,19	13,78	13,37	12,96	12,56	12,17	11,76	11,36	10,95	10,54	10,12	9,69	14,24
09/06/2019 00:50:00	14,58	15,46	15,67	15,68	15,48	15,23	14,92	14,56	14,23	13,90	13,49	13,09	12,69	12,30	11,92	11,52	11,13	10,73	10,34	9,94	9,54	14,21
09/06/2019 00:55:00	14,37	14,72	14,99	15,11	14,96	14,84	14,67	14,43	14,14	13,82	13,49	13,13	12,78	12,42	12,06	11,67	11,29	10,90	10,51	10,09	9,68	14,72
09/06/2019 01:00:00	14,06	14,11	14,24	14,37	14,46	14,37	14,24	14,11	14,00	13,86	13,57	13,27	12,97	12,67	12,36	12,04	11,71	11,35	11,00	10,61	10,22	13,88
09/06/2019 01:05:00	14,13	14,55	14,70	14,78	14,77	14,68	14,54	14,36	14,13	13,88	13,58	13,27	12,96	12,63	12,31	11,95	11,60	11,22	10,84	10,44	10,03	13,97
09/06/2019 01:10:00	14,12	14,61	14,80	14,90	14,89	14,80	14,67	14,48	14,22	13,93	13,65	13,34	13,03	12,70	12,37	12,00	11,63	11,24	10,85	10,44	10,02	13,88
09/06/2019 01:15:00	14,34	14,77	14,90	14,96	14,93	14,76	14,55	14,32	14,04	13,74	13,41	13,06	12,72	12,36	12,01	11,63	11,26	10,87	10,47	10,06	9,65	14,34
09/06/2019 01:20:00	14,33	14,74	14,78	14,80	14,83	14,62	14,39	14,18	13,97	13,74	13,48	13,20	12,92	12,62	12,32	11,97	11,62	11,26	10,89	10,50	10,11	14,40
09/06/2019 01:25:00	14,44	14,83	14,88	14,83	14,67	14,58	14,43	14,19	13,93	13,66	13,33	13,01	12,69	12,36	12,04	11,69	11,34	10,97	10,60	10,21	9,82	14,50
09/06/2019 01:30:00	14,33	14,65	14,70	14,67	14,55	14,41	14,23	14,03	13,77	13,50	13,27	13,01	12,75	12,46	12,17	11,83	11,49	11,13	10,77	10,39	10,01	14,50
09/06/2019 01:35:00	14,09	14,53	14,69	14,75	14,67	14,48	14,28	14,11	13,85	13,57	13,29	13,00	12,70	12,39	12,07	11,72	11,37	11,00	10,63	10,24	9,85	14,10
09/06/2019 01:40:00	14,20	14,42	14,48	14,53	14,54	14,49	14,38	14,22	14,00	13,75	13,48	13,18	12,88	12,57	12,25	11,90	11,55	11,18	10,80	10,39	9,98	14,13
09/06/2019 01:45:00	14,09	14,37	14,67	14,85	14,81	14,66	14,48	14,30	13,98	13,62	13,29	12,93	12,57	12,19	11,82	11,42	11,02	10,61	10,20	9,78	9,35	14,05
09/06/2019 01:50:00	13,92	14,36	14,58	14,70	14,64	14,50	14,31	14,08	13,81	13,52	13,20	12,86	12,52	12,17	11,81	11,44	11,06	10,67	10,29	9,88	9,47	13,63
09/06/2019 01:55:00	14,02	14,48	14,55	14,51	14,37	14,12	13,83	13,53	13,27	13,02	12,77	12,50	12,23	11,93	11,63	11,28	10,94	10,59	10,23	9,87	9,51	13,65
09/06/2019 02:00:00	13,88	14,55	14,53	14,39	14,15	13,89	13,62	13,35	13,10	12,88	12,65	12,42	12,19	11,93	11,67	11,36	11,05	10,73	10,40	10,07	9,74	13,85
09/06/2019 02:05:00	13,91	14,38	14,34	14,22	14,02	13,92	13,76	13,53	13,32	13,13	12,96	12,77	12,59	12,36	12,13	11,83	11,53	11,21	10,89	10,55	10,21	13,89
09/06/2019 02:10:00	13,81	14,24	14,28	14,30	14,35	14,28	14,10	13,83	13,57	13,28	12,88	12,48	12,08	11,70	11,31	10,93	10,55	10,15	9,75	9,32	8,90	13,62
09/06/2019 02:15:00	13,62	13,91	13,97	13,97	13,88	13,77	13,63	13,46	13,34	13,21	12,97	12,74	12,50	12,25	12,00	11,70	11,41	11,09	10,77	10,43	10,09	13,47
09/06/2019 02:20:00	13,59	13,95	14,09	14,13	14,01	13,86	13,67	13,47	13,25	13,01	12,75	12,47	12,19	11,89	11,59	11,26	10,92	10,57	10,23	9,86	9,50	13,54
09/06/2019 02:25:00	13,74	14,06	13,95	13,86	13,84	13,77	13,65	13,49	13,31	13,14	12,94	12,74	12,53	12,29	12,05	11,75	11,45	11,11	10,78	10,41	10,05	13,48
09/06/2019 02:30:00	13,60	13,96	13,89	13,82	13,77	13,70	13,59	13,44	13,28	13,12	12,88	12,64	12,40	12,15	11,89	11,60	11,30	10,97	10,64	10,28	9,92	13,57
09/06/2019 02:35:00	13,50	13,93	13,86	13,80	13,79	13,74	13,64	13,50	13,31	13,13	12,95	12,75	12,55	12,31	12,06	11,76	11,46	11,12	10,79	10,42	10,06	13,63
09/06/2019 02:40:00	13,57	13,64	13,58	13,64	13,84	13,87	13,86	13,83	13,70	13,54	13,30	13,06	12,81	12,54	12,27	11,96	11,65	11,29	10,93	10,53	10,13	13,64
09/06/2019 02:45:00	13,44	13,69	13,76	13,84	13,90	13,88	13,81	13,70	13,53	13,33	13,06	12,78	12,50	12,20	11,91	11,58	11,25	10,89	10,53	10,14	9,75	13,34
09/06/2019 02:50:00	13,55	13,78	13,88	13,94	13,93	13,96	13,93	13,82	13,59	13,35	13,16	12,92	12,69	12,42	12,14	11,81	11,48	11,11	10,75	10,35	9,95	13,53
09/06/2019 02:55:00	13,64	13,74	13,86	13,99	14,13	14,12	14,01	13,86	13,68	13,48	13,25	12,99	12,72	12,42	12,12	11,77	11,42	11,04	10,66	10,25	9,84	13,49
09/06/2019 03:00:00	13,49	13,71	13,82	13,98	14,19	14,21	14,12	13,97	13,79	13,58	13,30	12,98	12,66	12,33	12,00	11,64	11,28	10,88	10,49	10,06	9,63	13,33
09/06/2019 03:05:00	13,46	13,68	13,81	13,89	13,88	13,80	13,67	13,51	13,32	13,11	12,86	12,59	12,31	12,02	11,72	11,39	11,06	10,70	10,35	9,97	9,59	13,44
09/06/2019 03:10:00	13,47	13,53	13,58	13,62	13,60	13,57	13,51	13,43	13,30	13,15	12,93	12,70	12,47	12,22	11,97	11,67	11,37	11,05	10,72	10,36	10,00	13,44
09/06/2019 03:15:00	13,38	13,46	13,48	13,57	13,71	13,69	13,63	13,53	13,34	13,14	12,93	12,68	12,44	12,16	11,87	11,54	11,21	10,84	10,47	10,07	9,67	13,27
09/06/2019 03:20:00	13,48	13,61	13,64	13,65	13,61	13,56	13,47	13,33	13,13	12,93	12,78	12,60	12,41	12,17	11,92	11,61	11,30	10,96	10,62	10,25	9,89	13,49
09/06/2019 03:25:00	13,51	13,64	13,74	13,83	13,88	13,80	13,69	13,57	13,39	13,19	12,94	12,66	12,38	12,08	11,79	11,46	11,13	10,77	10,42	10,03	9,65	13,31
09/06/2019 03:30:00	13,50	13,58	13,56	13,54	13,54	13,46	13,37	13,28	13,13	12,98	12,84	12,66	12,49	12,27	12,05	11,76	11,47	11,15	10,82	10,47	10,12	13,56
09/06/2019 03:35:00	13,34	13,51	13,52	13,54	13,54	13,48	13,35	13,19	13,07	12,94	12,70	12,45	12,21	11,94	11,68	11,38	11,08	10,75	10,42	10,07	9,71	13,25
09/06/2019 03:40:00	13,31	13,71	13,75	13,74	13,67	13,53	13,36	13,20	12,98	12,76	12,55	12,31	12,08	11,82	11,55	11,23	10,92	10,58	10,24	9,89	9,53	13,20
09/06/2019 03:45:00	13,13	13,35	13,45	13,53	13,57	13,53	13,44	13,31	13,19	13,02	12,74	12,45	12,17	11,88	11,58	11,27	10,96	10,61	10,27	9,90	9,53	13,17
09/06/2019 03:50:00	13,19	13,33	13,34	13,37	13,41	13,42	13,40	13,36	13,18	12,98	12,79	12,57	12,36	12,11	11,86	11,55	11,25	10,91	10,57	10,19	9,82	13,13
09/06/2019 03:55:00	13,05	13,41	13,45	13,45	13,41	13,27	13,13	13,02	12,81	12,59	12,40	12,18	11,96	11,71	11,46	11,15	10,84	10,51	10,18	9,83	9,47	13,18
09/06/2019 04:00:00	12,94	13,25	13,35	13,42	13,46	13,42	13,29	13,09	12,99	12,86	12,64	12,41	12,17	11,91	11,64	11,34	11,03	10,69	10,36	10,00	9,65	13,12
09/06/2019 04:05:00	13,04	13,16	13,32	13,45	13,49	13,47	13,43	13,37	13,24	13,07	12,82	12,55	12,29	12,01	11,73	11,42	11,11	10,77	10,43	10,05	9,68	13,01
09/06/2019 04:10:00	13,00	13,37	13,47	13,58	13,70	13,73	13,65	13,47	13,29	13,07	12,72	12,37	12,01	11,67	11,32	10,97	10,61	10,23	9,85	9,43	9,02	13,19
09/06/2019 04:15:00	13,35	13,54	13,60	13,64	13,61	13,56	13,47	13,34	13,14	12,93	12,72	12,49	12,25	11,99	11,72	11,40	11,08	10,73	10,38	10,01	9,64	13,02
09/06/2019 04:20:00	13,19	13,51	13,59	13,65	13,69	13,60	13,47	13,34	13,09	12,83	12,61	12,35	12,09	11,80	11,51	11,16	10,82	10,45	10,09	9,70	9,31	13,17
09/06/2019 04:25:00	13,16	13,56	13,71	13,77	13,68	13,61	13,45	13,19	12,99	12,79	12,54	12,28	12,01	11,72	11,43	11,09	10,76	10,41	10,06	9,70	9,33	13,10
09/06/2019 04:30:00	13,18	13,50	13,61	13,67	13,65	13,59	13,49	13,35	13,17	12,99	12,77	12,54	12,31	12,04	11,78	11,46	11,15	10,81	10,47	10,10	9,74	13,02
09/06/2019 04:35:00	13,21	13,75	13,82	13,85	13,86	13,78	13,61	13,35	13,14	12,93	12,67	12,39	12,12	11,81	11,51	11,17	10,83	10,47	10,11	9,73	9,35	13,25
09/06/2019 04:40:00	13,40	13,76	13,80	13,81	13,79	13,65	13,49	13,30	13,07	12,84	12,59	12,33	12,07	11,78	11,49	11,15	10,82	10,47	10,11	9,74	9,37	13,31
09/06/2019 04:45:00	13,19	13,48	13,55	13,61	13,65	13,64	13,56	13,42	13,15	12,87	12,62	12,34	12,05	11,74	11,43	11,08	10,72	10,35	9,97	9,56	9,16	13,34
09/06/2019 04:50:00	13,04	13,35	13,52	13,62	13,57	13,48	13,38	13,29	13,07	12,84	12,65	12,43	12,21	11,95	11,69	11,36	11,04	10,70	10,35	9,99	9,62	13,14
09/06/2019 04:55:00	13,12	13,58	13,64	13,61	13,48	13,41	13,28	13,10	12,93	12,77	12,62	12,44	12,27	12,04	11,82	11,53	11,24	10,92	10,60	10,27	9,94	13,09
09/06/2019 05:00:00	13,29	13,60	13,66	13,68	13,64	13,57	13,48	13,37	13,16	12,94	12,73	12,49	12,26	11,99	11,73	11,41	11,10	10,76	10,41	10,05	9,68	13,34
09/06/2019 05:05:00	13,09	13,45	13,42	13,38	13,35	13,33	13,26	13,16	13,05	12,92	12,74	12,56	12,37	12,15	11,93	11,66	11,39	11,08	10,77	10,43	10,09	12,89
09/06/2019 05:10:00	12,88	13,38	13,39	13,43	13,54	13,54	13,48	13,38	13,16	12,96	12,80	12,61	12,42	12,17	11,92	11,60	11,27	10,92	10,56	10,18	9,79	12,84
09/06/2019 05:15:00	12,95	13,27	13,40	13,50	13,57	13,52	13,45	13,38	13,25	13,07	12,80	12,53	12,26	11,97	11,69	11,38	11,06	10,72	10,38	10,01	9,64	12,64
09/06/2019 05:20:00	13,08	13,34	13,42	13,47	13,48	13,50	13,45	13,33	13,17	12,99	12,78	12,54	12,31	12,05	11,79	11,47	11,16	10,82	10,47	10,10	9,72	13,19
09/06/2019 05:25:00	13,01	13,43	13,58	13,62	13,53	13,47	13,39	13,31	13,14	12,94	12,71	12,47	12,23	11,97	11,71	11,41	11,11	10,78	10,46	10,11	9,76	12,97
09/06/2019 05:30:00	12,74	13,17	13,33	13,48	13,63	13,60	13,51	13,39	13,31	13,20	12,97	12,73	12,49	12,23	11,96	11,65	11,34	11,00	10,66	10,30	9,93	12,57
09/06/2019 05:35:00	13,11	13,58	13,80	13,94	13,96	13,89	13,79	13,67	13,46	13,21	12,90	12,57	12,25	11,92	11,60	11,25	10,90	10,54	10,17	9,78	9,39	12,97
09/06/2019 05:40:00	12,89	13,42	13,60	13,78	13,99	13,97	13,90	13,80	13,62	13,40	13,13	12,83	12,54	12,22	11,90	11,55	11,20	10,82	10,44	10,03	9,62	12,70
09/06/2019 05:45:00	12,71	13,40	13,53	13,56	13,50	13,44	13,35	13,24	13,06	12,86	12,59	12,34	12,08	11,81	11,54	11,23	10,93	10,60	10,27	9,92	9,57	12,68
09/06/2019 05:50:00	12,72	13,26	13,49	13,63	13,68	13,59	13,48	13,37	13,15	12,92	12,70	12,44	12,18	11,90	11,61	11,27	10,93	10,57	10,21	9,84	9,46	12,57
09/06/2019 05:55:00	12,70	13,22	13,45	13,58	13,58	13,56	13,50	13,39	13,18	12,95	12,69	12,42	12,14	11,85	11,55	11,22	10,89	10,53	10,18	9,80	9,42	12,63
09/06/2019 06:00:00	12,57	13,09	13,47	13,74	13,86	13,86	13,83	13,78	13,56	13,30	13,03	12,72	12,41	12,09	11,76	11,40	11,04	10,66	10,28	9,87	9,46	12,68
09/06/2019 06:05:00	12,75	13,06	13,31	13,48	13,53	13,63	13,63	13,54	13,37	13,18	12,97	12,73	12,48	12,21	11,93	11,60	11,28	10,92	10,56	10,17	9,78	12,55
09/06/2019 06:10:00	12,81	13,12	13,49	13,77	13,88	13,98	13,97	13,89	13,70	13,45	13,13	12,78	12,43	12,08	11,72	11,36	10,99	10,60	10,21	9,79	9,36	12,82
09/06/2019 06:15:00	12,86	12,92	13,26	13,55	13,69	13,71	13,65	13,55	13,42	13,24	12,94	12,61	12,29	11,96	11,63	11,28	10,93	10,55	10,18	9,78	9,38	12,88
09/06/2019 06:20:00	12,98	13,09	13,26	13,45	13,60	13,68	13,66	13,56	13,38	13,16	12,94	12,67	12,40	12,10	11,80	11,45	11,11	10,73	10,35	9,93	9,52	12,99
09/06/2019 06:25:00	13,01	13,05	13,22	13,38	13,49	13,50	13,47	13,45	13,27	13,07	12,87	12,64	12,40	12,12	11,85	11,53	11,20	10,84	10,49	10,10	9,71	13,33
09/06/2019 06:30:00	13,33	13,42	13,65	13,83	13,91	13,89	13,79	13,64	13,51	13,35	13,06	12,76	12,46	12,15	11,83	11,50	11,16	10,80	10,44	10,04	9,65	13,29
09/06/2019 06:35:00	13,32	13,13	13,30	13,48	13,59	13,57	13,52	13,45	13,33	13,15	12,86	12,55	12,24	11,93	11,62	11,29	10,96	10,61	10,25	9,85	9,46	13,26
09/06/2019 06:40:00	13,26	13,29	13,54	13,74	13,79	13,78	13,71	13,62	13,45	13,23	12,95	12,65	12,34	12,02	11,70	11,36	11,02	10,65	10,28	9,89	9,49	13,30
09/06/2019 06:45:00	13,30	13,42	13,64	13,79	13,83	13,86	13,80	13,68	13,53	13,34	13,04	12,73	12,42	12,10	11,79	11,45	11,12	10,76	10,39	10,00	9,61	13,35
09/06/2019 06:50:00	13,40	13,46	13,64	13,79	13,85	13,77	13,67	13,59	13,41	13,17	12,87	12,55	12,22	11,90	11,58	11,23	10,89	10,53	10,16	9,77	9,38	13,61
09/06/2019 06:55:00	13,38	13,50	13,71	13,87	13,93	13,91	13,80	13,61	13,41	13,19	12,91	12,59	12,28	11,95	11,62	11,26	10,90	10,52	10,14	9,74	9,33	13,47
09/06/2019 07:00:00	13,29	13,46	13,63	13,74	13,76	13,77	13,70	13,55	13,44	13,29	12,98	12,67	12,36	12,06	11,75	11,43	11,11	10,76	10,41	10,04	9,66	13,30
09/06/2019 07:05:00	13,42	13,64	13,82	13,94	13,96	13,88	13,76	13,64	13,43	13,17	12,88	12,56	12,25	11,92	11,60	11,25	10,90	10,53	10,17	9,77	9,38	13,71
09/06/2019 07:10:00	13,45	13,70	13,80	13,87	13,88	13,80	13,67	13,50	13,34	13,16	12,94	12,70	12,46	12,18	11,91	11,59	11,27	10,92	10,58	10,21	9,84	13,74
09/06/2019 07:15:00	13,49	13,77	14,03	14,20	14,23	14,21	14,15	14,09	13,91	13,71	13,52	13,30	13,07	12,80	12,53	12,21	11,88	11,53	11,17	10,79	10,41	13,60
09/06/2019 07:20:00	13,70	13,78	13,94	14,09	14,21	14,30	14,30	14,22	14,03	13,83	13,69	13,49	13,28	13,02	12,76	12,43	12,09	11,71	11,34	10,93	10,51	13,87
09/06/2019 07:25:00	13,74	13,75	13,86	13,96	14,01	14,02	13,96	13,84	13,66	13,46	13,28	13,05	12,82	12,55	12,28	11,95	11,62	11,26	10,89	10,50	10,11	14,12
09/06/2019 07:30:00	13,78	13,96	14,09	14,20	14,24	14,15	14,01	13,83	13,62	13,39	13,10	12,79	12,48	12,15	11,83	11,47	11,12	10,74	10,36	9,96	9,56	13,95
09/06/2019 07:35:00	13,79	13,67	13,70	13,75	13,78	13,70	13,56	13,38	13,21	13,03	12,76	12,47	12,18	11,88	11,58	11,25	10,92	10,56	10,21	9,82	9,44	13,98
09/06/2019 07:40:00	13,78	13,63	13,59	13,57	13,58	13,50	13,35	13,16	12,95	12,74	12,56	12,32	12,09	11,82	11,55	11,22	10,89	10,54	10,19	9,81	9,43	14,01
09/06/2019 07:45:00	14,08	13,90	13,83	13,77	13,68	13,45	13,27	13,18	12,93	12,67	12,57	12,41	12,25	12,02	11,80	11,49	11,18	10,85	10,52	10,17	9,82	14,10
09/06/2019 07:50:00	14,15	13,83	13,70	13,61	13,54	13,48	13,38	13,23	13,11	12,98	12,79	12,60	12,40	12,17	11,94	11,65	11,37	11,05	10,73	10,38	10,03	14,02
09/06/2019 07:55:00	14,16	13,69	13,59	13,59	13,67	13,67	13,63	13,54	13,40	13,23	13,02	12,78	12,54	12,27	12,00	11,69	11,38	11,03	10,68	10,28	9,89	14,32
09/06/2019 08:00:00	14,10	13,67	13,62	13,66	13,74	13,73	13,68	13,62	13,48	13,31	13,15	12,94	12,73	12,48	12,23	11,93	11,62	11,27	10,92	10,53	10,15	14,00
09/06/2019 08:05:00	13,98	13,60	13,45	13,40	13,47	13,44	13,40	13,40	13,33	13,25	13,13	12,98	12,84	12,64	12,45	12,19	11,94	11,63	11,32	10,98	10,63	13,92
09/06/2019 08:10:00	13,98	13,53	13,45	13,48	13,62	13,68	13,68	13,63	13,57	13,47	13,28	13,07	12,86	12,62	12,37	12,09	11,80	11,46	11,12	10,74	10,36	13,92
09/06/2019 08:15:00	13,97	13,58	13,46	13,44	13,46	13,41	13,34	13,27	13,14	13,02	12,94	12,81	12,68	12,49	12,30	12,02	11,74	11,42	11,10	10,74	10,39	13,97
09/06/2019 08:20:00	13,97	13,67	13,67	13,70	13,69	13,71	13,66	13,55	13,46	13,35	13,15	12,92	12,69	12,45	12,20	11,91	11,62	11,29	10,96	10,59	10,23	13,98
09/06/2019 08:25:00	14,05	13,70	13,73	13,85	14,01	14,08	14,08	14,03	13,89	13,73	13,55	13,32	13,09	12,82	12,55	12,23	11,91	11,54	11,17	10,76	10,35	14,15
09/06/2019 08:30:00	14,21	13,63	13,68	13,84	14,03	14,16	14,17	14,09	13,94	13,75	13,61	13,39	13,16	12,89	12,61	12,27	11,93	11,55	11,16	10,73	10,30	14,37
09/06/2019 08:35:00	14,39	13,82	13,58	13,50	13,60	13,71	13,73	13,64	13,52	13,40	13,31	13,16	13,01	12,80	12,60	12,31	12,03	11,68	11,34	10,95	10,57	14,94
09/06/2019 08:40:00	14,65	14,02	13,75	13,63	13,69	13,69	13,60	13,42	13,27	13,15	13,12	13,01	12,90	12,71	12,52	12,23	11,94	11,60	11,27	10,90	10,52	15,24
09/06/2019 08:45:00	14,78	14,15	13,99	13,89	13,81	13,78	13,71	13,58	13,48	13,37	13,18	12,97	12,76	12,53	12,30	12,02	11,74	11,42	11,10	10,74	10,38	15,60
09/06/2019 08:50:00	14,85	14,24	13,95	13,79	13,75	13,64	13,56	13,51	13,35	13,18	13,04	12,87	12,70	12,49	12,27	12,00	11,72	11,40	11,08	10,72	10,36	15,44
09/06/2019 08:55:00	14,93	14,40	13,96	13,68	13,62	13,50	13,36	13,20	13,10	13,01	12,86	12,70	12,54	12,35	12,16	11,90	11,65	11,35	11,04	10,71	10,37	15,34
09/06/2019 09:00:00	15,01	14,31	13,99	13,81	13,80	13,68	13,55	13,45	13,31	13,16	12,99	12,80	12,61	12,38	12,16	11,87	11,59	11,27	10,94	10,58	10,22	15,47
09/06/2019 09:05:00	14,96	14,39	14,00	13,79	13,82	13,75	13,69	13,65	13,49	13,31	13,14	12,95	12,77	12,54	12,32	12,04	11,76	11,43	11,09	10,71	10,34	15,54
09/06/2019 09:10:00	15,17	14,33	13,91	13,65	13,59	13,67	13,68	13,60	13,52	13,46	13,41	13,32	13,23	13,08	12,93	12,69	12,45	12,15	11,85	11,50	11,16	15,80
09/06/2019 09:15:00	15,19	14,60	14,19	13,87	13,71	13,56	13,47	13,44	13,32	13,20	13,13	13,05	12,96	12,82	12,67	12,44	12,22	11,94	11,66	11,34	11,03	15,70
09/06/2019 09:20:00	15,32	14,68	14,27	13,93	13,68	13,50	13,35	13,22	13,09	12,98	12,92	12,83	12,74	12,60	12,45	12,22	11,99	11,71	11,44	11,14	10,83	15,97
09/06/2019 09:25:00	15,56	14,89	14,40	13,99	13,72	13,46	13,26	13,15	12,96	12,79	12,70	12,60	12,49	12,33	12,17	11,93	11,69	11,41	11,13	10,82	10,51	16,22
09/06/2019 09:30:00	15,50	14,98	14,56	14,17	13,83	13,50	13,17	12,84	12,64	12,50	12,30	12,11	11,91	11,69	11,47	11,20	10,93	10,64	10,35	10,04	9,74	16,34
09/06/2019 09:35:00	15,55	15,07	14,72	14,39	14,07	13,74	13,42	13,14	12,85	12,58	12,41	12,21	12,01	11,77	11,54	11,23	10,93	10,61	10,28	9,95	9,61	16,11
09/06/2019 09:40:00	15,83	15,31	14,92	14,57	14,25	13,94	13,65	13,39	13,10	12,81	12,56	12,31	12,05	11,78	11,51	11,20	10,89	10,55	10,22	9,87	9,51	16,57
09/06/2019 09:45:00	16,32	15,64	15,15	14,73	14,41	14,19	13,97	13,72	13,52	13,34	13,09	12,85	12,61	12,37	12,12	11,84	11,57	11,25	10,94	10,59	10,25	16,65
09/06/2019 09:50:00	16,44	15,95	15,52	15,13	14,82	14,55	14,30	14,07	13,77	13,45	13,14	12,84	12,54	12,24	11,94	11,62	11,30	10,95	10,60	10,22	9,84	16,95
09/06/2019 09:55:00	16,63	16,03	15,58	15,15	14,77	14,38	14,01	13,68	13,43	13,21	13,02	12,82	12,62	12,39	12,16	11,87	11,58	11,27	10,96	10,64	10,31	17,46
09/06/2019 10:00:00	16,84	16,39	15,99	15,59	15,18	14,72	14,29	13,93	13,60	13,30	13,02	12,74	12,46	12,17	11,88	11,55	11,23	10,89	10,55	10,20	9,85	18,02
09/06/2019 10:05:00	16,93	16,33	15,89	15,49	15,14	14,81	14,48	14,14	13,85	13,59	13,33	13,07	12,80	12,53	12,25	11,93	11,61	11,27	10,93	10,57	10,20	18,04
09/06/2019 10:10:00	17,02	16,59	16,12	15,70	15,34	14,92	14,53	14,23	13,92	13,61	13,31	13,01	12,72	12,42	12,12	11,80	11,48	11,13	10,79	10,43	10,06	17,77
09/06/2019 10:15:00	17,22	16,74	16,23	15,76	15,32	14,98	14,66	14,33	13,96	13,58	13,35	13,10	12,86	12,58	12,31	11,98	11,65	11,30	10,94	10,57	10,19	18,66
09/06/2019 10:20:00	17,52	16,85	16,42	16,02	15,65	15,32	15,00	14,71	14,40	14,09	13,70	13,34	12,99	12,65	12,31	11,98	11,64	11,27	10,91	10,52	10,12	18,49
09/06/2019 10:25:00	17,67	17,06	16,65	16,23	15,73	15,31	14,95	14,67	14,39	14,12	13,73	13,39	13,05	12,74	12,42	12,11	11,80	11,46	11,13	10,77	10,42	18,84
09/06/2019 10:30:00	17,77	17,25	16,78	16,36	16,03	15,63	15,21	14,82	14,45	14,10	13,77	13,44	13,12	12,79	12,45	12,09	11,73	11,35	10,97	10,57	10,18	18,45
09/06/2019 10:35:00	17,89	17,30	16,85	16,45	16,08	15,72	15,37	15,03	14,64	14,21	13,86	13,52	13,17	12,83	12,48	12,11	11,74	11,35	10,95	10,54	10,12	19,71
09/06/2019 10:40:00	17,94	17,41	16,90	16,46	16,15	15,72	15,29	14,92	14,56	14,19	13,90	13,59	13,29	12,97	12,66	12,30	11,94	11,57	11,19	10,80	10,40	18,70
09/06/2019 10:45:00	18,02	17,52	17,03	16,59	16,21	15,84	15,47	15,08	14,69	14,31	13,96	13,62	13,28	12,94	12,60	12,23	11,87	11,48	11,09	10,68	10,27	19,34
09/06/2019 10:50:00	18,08	17,57	17,13	16,70	16,27	15,79	15,35	14,98	14,61	14,24	13,88	13,54	13,19	12,86	12,52	12,17	11,81	11,44	11,07	10,68	10,30	18,87
09/06/2019 10:55:00	18,27	17,67	17,17	16,71	16,29	15,92	15,58	15,24	14,89	14,54	14,11	13,71	13,31	12,95	12,59	12,24	11,88	11,50	11,12	10,71	10,30	19,84
09/06/2019 11:00:00	18,53	18,00	17,50	16,97	16,42	15,98	15,56	15,15	14,76	14,41	14,01	13,65	13,29	12,95	12,61	12,26	11,92	11,55	11,18	10,80	10,42	19,84
09/06/2019 11:05:00	18,50	17,93	17,38	16,85	16,39	15,98	15,59	15,19	14,79	14,39	14,11	13,82	13,53	13,23	12,92	12,57	12,22	11,85	11,47	11,08	10,69	20,91
09/06/2019 11:10:00	18,49	17,82	17,34	16,90	16,49	16,08	15,71	15,40	15,05	14,67	14,34	14,01	13,69	13,37	13,04	12,70	12,35	11,97	11,59	11,19	10,79	19,44
09/06/2019 11:15:00	18,72	18,10	17,55	17,04	16,57	16,18	15,81	15,41	15,07	14,76	14,28	13,86	13,44	13,06	12,69	12,34	11,99	11,61	11,23	10,82	10,42	20,39
09/06/2019 11:20:00	18,50	17,96	17,49	17,02	16,52	16,10	15,71	15,32	14,98	14,67	14,31	13,98	13,65	13,33	13,02	12,68	12,34	11,98	11,62	11,24	10,86	19,44
09/06/2019 11:25:00	18,66	18,17	17,67	17,18	16,75	16,31	15,86	15,41	15,01	14,65	14,26	13,89	13,52	13,16	12,80	12,43	12,07	11,68	11,29	10,88	10,48	19,84
09/06/2019 11:30:00	18,90	18,45	17,93	17,39	16,84	16,41	15,99	15,51	15,07	14,66	14,26	13,87	13,49	13,13	12,76	12,39	12,02	11,63	11,24	10,83	10,42	20,46
09/06/2019 11:35:00	18,69	18,32	17,88	17,42	16,99	16,53	16,08	15,65	15,24	14,83	14,42	14,04	13,66	13,29	12,92	12,54	12,16	11,76	11,36	10,94	10,53	20,02
09/06/2019 11:40:00	18,56	18,34	17,89	17,41	16,95	16,50	16,07	15,62	15,20	14,80	14,37	13,97	13,56	13,19	12,81	12,43	12,05	11,65	11,25	10,84	10,43	19,37
09/06/2019 11:45:00	18,57	18,39	18,01	17,60	17,15	16,65	16,16	15,72	15,28	14,85	14,44	14,04	13,64	13,26	12,88	12,48	12,09	11,68	11,28	10,86	10,45	19,59
09/06/2019 11:50:00	18,97	18,58	18,12	17,67	17,23	16,77	16,33	15,90	15,48	15,07	14,55	14,08	13,61	13,19	12,77	12,38	11,98	11,56	11,15	10,71	10,28	19,80
09/06/2019 11:55:00	18,75	18,42	18,04	17,62	17,09	16,64	16,20	15,72	15,28	14,85	14,47	14,10	13,73	13,37	13,01	12,62	12,23	11,84	11,44	11,03	10,62	19,41
09/06/2019 12:00:00	18,71	18,44	18,00	17,55	17,16	16,70	16,25	15,86	15,44	15,01	14,55	14,12	13,69	13,30	12,90	12,51	12,12	11,71	11,29	10,87	10,44	20,11
09/06/2019 12:05:00	18,68	18,37	17,93	17,49	17,12	16,68	16,24	15,83	15,41	14,98	14,52	14,08	13,64	13,24	12,83	12,44	12,04	11,62	11,21	10,77	10,34	19,01
09/06/2019 12:10:00	18,91	18,39	18,02	17,68	17,37	16,95	16,51	16,07	15,70	15,35	14,86	14,39	13,92	13,50	13,08	12,68	12,28	11,85	11,43	10,99	10,55	19,21
09/06/2019 12:15:00	19,28	18,75	18,30	17,90	17,54	17,14	16,72	16,25	15,78	15,32	14,87	14,43	13,98	13,56	13,14	12,72	12,29	11,85	11,41	10,94	10,48	20,06
09/06/2019 12:20:00	19,71	19,07	18,61	18,12	17,58	17,10	16,63	16,15	15,69	15,25	14,80	14,38	13,95	13,55	13,16	12,76	12,36	11,95	11,54	11,11	10,69	21,19
09/06/2019 12:25:00	19,61	19,04	18,58	18,11	17,59	17,09	16,63	16,18	15,71	15,22	14,79	14,38	13,97	13,58	13,18	12,78	12,38	11,96	11,54	11,10	10,67	20,21
09/06/2019 12:30:00	19,56	19,12	18,67	18,19	17,69	17,19	16,72	16,29	15,81	15,29	14,81	14,35	13,90	13,47	13,05	12,64	12,22	11,79	11,36	10,91	10,47	20,91
09/06/2019 12:35:00	19,13	18,79	18,33	17,85	17,35	16,91	16,47	16,01	15,56	15,10	14,71	14,34	13,97	13,60	13,23	12,84	12,45	12,04	11,63	11,20	10,78	19,97
09/06/2019 12:40:00	19,50	18,83	18,37	17,92	17,47	17,05	16,62	16,17	15,75	15,33	14,89	14,47	14,05	13,65	13,26	12,86	12,47	12,05	11,63	11,20	10,76	21,01
09/06/2019 12:45:00	19,39	18,95	18,52	18,11	17,72	17,27	16,81	16,37	15,93	15,48	15,00	14,54	14,08	13,66	13,23	12,82	12,40	11,97	11,53	11,08	10,63	20,86
09/06/2019 12:50:00	19,97	19,34	18,77	18,24	17,75	17,27	16,79	16,33	15,87	15,42	14,98	14,57	14,16	13,76	13,37	12,97	12,58	12,16	11,74	11,30	10,86	21,73
09/06/2019 12:55:00	19,55	19,04	18,55	18,08	17,62	17,16	16,69	16,21	15,75	15,32	14,94	14,57	14,19	13,82	13,45	13,06	12,66	12,24	11,83	11,40	10,97	21,43
09/06/2019 13:00:00	19,32	18,89	18,44	18,00	17,53	17,07	16,61	16,12	15,68	15,29	14,84	14,41	13,99	13,59	13,19	12,80	12,40	11,98	11,57	11,14	10,71	20,13
09/06/2019 13:05:00	19,81	19,08	18,57	18,11	17,71	17,25	16,78	16,36	15,96	15,56	15,08	14,62	14,16	13,75	13,34	12,94	12,54	12,12	11,70	11,26	10,81	21,41
09/06/2019 13:10:00	19,71	19,21	18,72	18,26	17,84	17,38	16,91	16,47	16,01	15,54	15,16	14,78	14,41	14,04	13,66	13,26	12,85	12,43	12,00	11,55	11,11	20,86
09/06/2019 13:15:00	19,77	19,32	18,82	18,31	17,82	17,33	16,88	16,51	16,08	15,61	15,19	14,79	14,40	14,02	13,64	13,26	12,87	12,46	12,05	11,62	11,19	20,72
09/06/2019 13:20:00	19,85	19,24	18,76	18,32	17,85	17,41	16,97	16,50	16,04	15,59	15,18	14,79	14,39	14,01	13,62	13,22	12,81	12,39	11,96	11,51	11,07	21,13
09/06/2019 13:25:00	19,89	19,41	18,89	18,38	17,97	17,51	17,04	16,54	16,05	15,57	15,11	14,66	14,22	13,80	13,38	12,95	12,53	12,09	11,65	11,19	10,73	21,81
09/06/2019 13:30:00	19,82	19,31	18,80	18,33	17,97	17,54	17,08	16,61	16,18	15,76	15,32	14,89	14,46	14,06	13,65	13,24	12,84	12,40	11,97	11,52	11,06	20,70
09/06/2019 13:35:00	20,02	19,37	18,78	18,25	17,80	17,33	16,89	16,50	16,10	15,69	15,27	14,87	14,46	14,09	13,72	13,34	12,96	12,55	12,15	11,71	11,28	21,32
09/06/2019 13:40:00	20,32	19,59	19,09	18,61	18,14	17,62	17,11	16,65	16,24	15,86	15,38	14,92	14,47	14,05	13,64	13,25	12,86	12,44	12,03	11,59	11,16	22,48
09/06/2019 13:45:00	20,27	19,70	19,16	18,62	18,05	17,58	17,13	16,63	16,17	15,73	15,26	14,82	14,38	13,97	13,57	13,17	12,77	12,35	11,93	11,49	11,05	21,89
09/06/2019 13:50:00	19,97	19,38	18,87	18,41	18,01	17,60	17,16	16,67	16,24	15,88	15,52	15,16	14,79	14,43	14,07	13,68	13,29	12,88	12,46	12,02	11,58	20,81
09/06/2019 13:55:00	20,01	19,55	19,08	18,60	18,09	17,63	17,17	16,67	16,23	15,84	15,39	14,96	14,53	14,13	13,74	13,34	12,95	12,53	12,11	11,68	11,25	21,35
09/06/2019 14:00:00	20,34	19,66	19,14	18,67	18,24	17,87	17,52	17,20	16,80	16,34	15,89	15,47	15,05	14,65	14,26	13,87	13,48	13,04	12,61	12,15	11,68	22,39
09/06/2019 14:05:00	20,46	19,81	19,24	18,73	18,31	17,86	17,40	16,94	16,49	16,07	15,64	15,24	14,83	14,44	14,05	13,65	13,24	12,81	12,38	11,92	11,47	22,60
09/06/2019 14:10:00	20,73	20,01	19,45	18,93	18,46	18,00	17,54	17,08	16,63	16,19	15,73	15,30	14,86	14,45	14,05	13,64	13,24	12,80	12,37	11,91	11,45	21,68
09/06/2019 14:15:00	20,17	19,87	19,39	18,92	18,49	18,05	17,60	17,14	16,71	16,30	15,85	15,42	15,00	14,60	14,19	13,79	13,39	12,96	12,53	12,08	11,63	21,46
09/06/2019 14:20:00	20,24	19,84	19,38	18,95	18,57	18,15	17,72	17,32	16,89	16,44	15,96	15,51	15,06	14,64	14,21	13,80	13,39	12,94	12,49	12,02	11,55	21,46
09/06/2019 14:25:00	19,97	19,68	19,20	18,70	18,24	17,74	17,24	16,78	16,34	15,94	15,52	15,13	14,74	14,36	13,99	13,60	13,21	12,79	12,38	11,95	11,53	20,87
09/06/2019 14:30:00	19,98	19,56	19,17	18,76	18,27	17,84	17,40	16,90	16,39	15,88	15,51	15,14	14,77	14,39	14,00	13,58	13,16	12,72	12,28	11,82	11,36	20,92
09/06/2019 14:35:00	20,43	19,74	19,18	18,65	18,24	17,80	17,35	16,91	16,45	15,97	15,60	15,23	14,86	14,48	14,11	13,71	13,30	12,87	12,44	11,99	11,53	21,62
09/06/2019 14:40:00	20,23	19,73	19,21	18,70	18,19	17,70	17,23	16,80	16,36	15,94	15,51	15,12	14,72	14,34	13,97	13,58	13,19	12,78	12,37	11,93	11,50	21,67
09/06/2019 14:45:00	20,10	19,57	19,10	18,66	18,23	17,81	17,39	16,94	16,50	16,07	15,66	15,27	14,88	14,50	14,12	13,71	13,31	12,88	12,45	11,99	11,54	21,18
09/06/2019 14:50:00	20,17	19,68	19,19	18,71	18,22	17,74	17,28	16,83	16,39	15,95	15,56	15,19	14,82	14,45	14,09	13,69	13,30	12,88	12,47	12,03	11,60	21,32
09/06/2019 14:55:00	20,18	19,70	19,21	18,74	18,30	17,84	17,40	17,02	16,59	16,14	15,65	15,20	14,75	14,33	13,92	13,51	13,11	12,68	12,24	11,79	11,33	22,12
09/06/2019 15:00:00	19,93	19,47	19,04	18,61	18,13	17,67	17,23	16,81	16,34	15,83	15,47	15,11	14,75	14,38	14,01	13,60	13,20	12,77	12,34	11,90	11,45	20,69
09/06/2019 15:05:00	20,04	19,52	19,01	18,52	18,04	17,61	17,21	16,81	16,37	15,91	15,49	15,09	14,69	14,31	13,93	13,54	13,15	12,72	12,30	11,85	11,41	21,03
09/06/2019 15:10:00	19,96	19,60	19,13	18,68	18,27	17,82	17,38	17,02	16,59	16,11	15,66	15,25	14,83	14,43	14,03	13,63	13,23	12,79	12,36	11,90	11,44	20,79
09/06/2019 15:15:00	19,92	19,58	19,13	18,66	18,19	17,72	17,24	16,73	16,27	15,86	15,42	14,99	14,57	14,17	13,77	13,36	12,96	12,53	12,11	11,67	11,23	20,87
09/06/2019 15:20:00	19,90	19,51	19,05	18,58	18,11	17,68	17,25	16,77	16,34	15,94	15,50	15,08	14,66	14,27	13,88	13,48	13,08	12,66	12,24	11,80	11,36	20,52
09/06/2019 15:25:00	20,00	19,55	19,14	18,72	18,24	17,83	17,42	16,98	16,56	16,15	15,77	15,41	15,04	14,68	14,32	13,93	13,54	13,13	12,71	12,27	11,84	20,44
09/06/2019 15:30:00	19,80	19,37	18,97	18,58	18,16	17,75	17,34	16,95	16,55	16,13	15,73	15,34	14,94	14,57	14,19	13,80	13,40	12,98	12,56	12,12	11,67	20,09
09/06/2019 15:35:00	19,70	19,38	18,99	18,59	18,17	17,74	17,32	16,90	16,51	16,14	15,71	15,31	14,91	14,53	14,14	13,76	13,37	12,95	12,54	12,10	11,66	19,99
09/06/2019 15:40:00	19,81	19,61	19,21	18,74	18,23	17,77	17,34	16,93	16,52	16,13	15,76	15,41	15,07	14,73	14,38	14,01	13,64	13,24	12,84	12,43	12,02	19,87
09/06/2019 15:45:00	19,90	19,66	19,20	18,71	18,25	17,77	17,32	16,94	16,54	16,14	15,75	15,39	15,03	14,68	14,33	13,96	13,58	13,18	12,78	12,36	11,94	19,82
09/06/2019 15:50:00	19,74	19,45	19,00	18,54	18,12	17,70	17,28	16,86	16,46	16,08	15,68	15,30	14,92	14,55	14,18	13,80	13,42	13,00	12,59	12,16	11,72	19,70
09/06/2019 15:55:00	19,70	19,42	19,03	18,62	18,14	17,68	17,24	16,80	16,38	15,98	15,58	15,20	14,81	14,44	14,07	13,68	13,30	12,88	12,47	12,04	11,61	19,67
09/06/2019 16:00:00	19,58	19,31	18,88	18,43	17,96	17,52	17,10	16,74	16,36	15,97	15,60	15,25	14,90	14,56	14,22	13,85	13,49	13,09	12,70	12,28	11,87	19,65
09/06/2019 16:05:00	19,49	19,23	18,79	18,35	17,95	17,55	17,16	16,77	16,38	15,99	15,66	15,34	15,02	14,68	14,35	13,98	13,61	13,20	12,79	12,37	11,94	19,57
09/06/2019 16:10:00	19,40	19,15	18,69	18,22	17,82	17,40	16,99	16,60	16,25	15,96	15,60	15,27	14,94	14,61	14,29	13,94	13,59	13,20	12,82	12,41	12,01	19,36
09/06/2019 16:15:00	19,33	19,03	18,60	18,16	17,76	17,32	16,88	16,46	16,08	15,73	15,34	14,96	14,58	14,22	13,86	13,49	13,11	12,71	12,31	11,89	11,47	19,36
09/06/2019 16:20:00	19,26	18,93	18,49	18,06	17,63	17,21	16,80	16,42	16,03	15,64	15,25	14,89	14,52	14,16	13,81	13,43	13,06	12,65	12,25	11,83	11,40	19,22
09/06/2019 16:25:00	19,14	18,92	18,46	17,98	17,52	17,07	16,64	16,22	15,81	15,42	15,09	14,78	14,46	14,14	13,81	13,45	13,08	12,69	12,30	11,90	11,49	19,16
09/06/2019 16:30:00	19,13	18,88	18,45	18,02	17,62	17,16	16,70	16,27	15,84	15,42	15,01	14,61	14,22	13,84	13,45	13,06	12,66	12,25	11,83	11,40	10,97	19,12
09/06/2019 16:35:00	19,04	18,10	17,42	16,82	16,35	15,95	15,54	15,11	14,77	14,49	14,19	13,90	13,61	13,31	13,02	12,69	12,37	12,01	11,66	11,28	10,90	19,04
09/06/2019 16:40:00	17,85	17,68	17,28	16,86	16,42	16,07	15,72	15,34	14,98	14,65	14,28	13,95	13,61	13,28	12,95	12,60	12,25	11,88	11,50	11,11	10,71	17,77
09/06/2019 16:45:00	17,61	17,39	16,99	16,59	16,20	15,78	15,38	15,04	14,71	14,40	14,18	13,95	13,72	13,46	13,19	12,87	12,54	12,19	11,84	11,48	11,11	17,35
09/06/2019 16:50:00	17,52	17,12	16,76	16,45	16,19	15,86	15,52	15,22	14,90	14,58	14,37	14,13	13,89	13,61	13,33	12,99	12,65	12,28	11,91	11,51	11,12	17,23
09/06/2019 16:55:00	17,37	17,02	16,68	16,36	16,01	15,77	15,52	15,24	14,97	14,73	14,50	14,26	14,03	13,77	13,51	13,20	12,88	12,53	12,18	11,80	11,43	17,04
09/06/2019 17:00:00	17,14	16,73	16,49	16,30	16,17	16,04	15,88	15,68	15,48	15,28	15,05	14,79	14,54	14,27	14,00	13,68	13,36	12,99	12,62	12,21	11,81	16,84
09/06/2019 17:05:00	16,91	16,66	16,51	16,40	16,28	16,20	16,08	15,85	15,64	15,45	15,23	14,98	14,74	14,46	14,19	13,86	13,53	13,15	12,77	12,35	11,94	16,59
09/06/2019 17:10:00	16,79	16,47	16,29	16,19	16,18	16,09	15,95	15,80	15,65	15,49	15,27	15,03	14,80	14,53	14,27	13,95	13,63	13,25	12,88	12,47	12,06	16,44
09/06/2019 17:15:00	16,58	16,24	16,00	15,83	15,70	15,59	15,46	15,31	15,17	15,04	14,83	14,62	14,41	14,17	13,94	13,65	13,36	13,02	12,67	12,29	11,91	16,25
09/06/2019 17:20:00	16,40	16,16	16,06	15,99	15,91	15,90	15,85	15,76	15,62	15,48	15,31	15,11	14,92	14,68	14,45	14,15	13,86	13,50	13,15	12,75	12,36	15,92
09/06/2019 17:25:00	16,16	15,78	15,57	15,44	15,42	15,43	15,42	15,39	15,32	15,27	15,17	15,05	14,93	14,75	14,58	14,33	14,07	13,75	13,43	13,06	12,69	15,65
09/06/2019 17:30:00	15,78	15,49	15,34	15,24	15,18	15,09	15,01	14,98	14,95	14,93	14,85	14,76	14,66	14,51	14,36	14,12	13,88	13,58	13,29	12,95	12,61	15,25
09/06/2019 17:35:00	15,64	15,46	15,37	15,33	15,33	15,33	15,32	15,31	15,23	15,14	15,09	15,00	14,92	14,76	14,59	14,33	14,07	13,74	13,42	13,05	12,68	14,98
09/06/2019 17:40:00	15,34	15,27	15,29	15,34	15,44	15,47	15,44	15,39	15,32	15,25	15,17	15,04	14,91	14,72	14,53	14,24	13,96	13,62	13,27	12,89	12,51	14,97
09/06/2019 17:45:00	15,18	14,84	14,92	15,05	15,15	15,18	15,16	15,12	15,06	14,98	14,85	14,68	14,51	14,29	14,07	13,78	13,48	13,13	12,79	12,39	12,00	15,07
09/06/2019 17:50:00	14,98	15,07	15,24	15,41	15,51	15,59	15,58	15,49	15,35	15,19	14,95	14,68	14,41	14,11	13,82	13,48	13,14	12,75	12,37	11,94	11,51	15,01
09/06/2019 17:55:00	15,16	15,24	15,29	15,34	15,34	15,30	15,22	15,14	14,96	14,75	14,57	14,36	14,14	13,89	13,63	13,31	12,98	12,61	12,25	11,84	11,44	15,05
09/06/2019 18:00:00	15,45	15,57	15,77	15,92	15,95	15,85	15,71	15,60	15,35	15,04	14,77	14,45	14,14	13,80	13,47	13,09	12,71	12,30	11,89	11,45	11,01	15,57
09/06/2019 18:05:00	15,57	15,59	15,75	15,85	15,79	15,67	15,48	15,23	15,01	14,79	14,54	14,25	13,96	13,64	13,32	12,96	12,60	12,21	11,82	11,40	10,99	15,71
09/06/2019 18:10:00	15,72	15,55	15,54	15,51	15,38	15,23	15,07	14,90	14,68	14,46	14,28	14,06	13,84	13,59	13,33	13,00	12,67	12,31	11,95	11,57	11,18	15,91
09/06/2019 18:15:00	15,96	15,91	15,97	16,01	15,97	15,88	15,76	15,61	15,38	15,11	14,87	14,60	14,32	14,02	13,72	13,36	13,00	12,61	12,22	11,79	11,36	15,99
09/06/2019 18:20:00	16,10	15,86	15,88	15,91	15,88	15,81	15,72	15,59	15,44	15,28	15,08	14,84	14,61	14,35	14,09	13,76	13,44	13,07	12,70	12,30	11,89	16,12
09/06/2019 18:25:00	16,16	16,17	16,40	16,61	16,69	16,60	16,44	16,24	16,02	15,75	15,44	15,08	14,72	14,36	13,99	13,59	13,19	12,76	12,33	11,87	11,40	16,19
09/06/2019 18:30:00	16,24	16,10	16,15	16,22	16,24	16,17	16,05	15,93	15,77	15,60	15,33	15,04	14,76	14,46	14,16	13,82	13,48	13,09	12,70	12,28	11,85	16,44
09/06/2019 18:35:00	16,27	16,01	15,91	15,87	15,88	15,79	15,64	15,46	15,36	15,28	15,04	14,79	14,54	14,27	14,01	13,70	13,39	13,03	12,68	12,28	11,89	16,25
09/06/2019 18:40:00	16,10	15,94	15,89	15,87	15,80	15,77	15,68	15,53	15,34	15,14	14,96	14,75	14,53	14,27	14,02	13,69	13,36	12,99	12,62	12,21	11,80	16,03
09/06/2019 18:45:00	16,14	15,83	15,75	15,71	15,69	15,67	15,59	15,40	15,24	15,07	14,82	14,54	14,27	13,98	13,69	13,36	13,03	12,65	12,27	11,85	11,43	16,07
09/06/2019 18:50:00	16,19	15,90	15,74	15,66	15,66	15,56	15,42	15,28	15,07	14,84	14,63	14,39	14,15	13,87	13,59	13,26	12,93	12,54	12,16	11,75	11,33	16,27
09/06/2019 18:55:00	16,39	16,02	15,82	15,70	15,71	15,63	15,48	15,26	15,06	14,86	14,62	14,36	14,09	13,80	13,51	13,17	12,83	12,45	12,06	11,64	11,22	16,56
09/06/2019 19:00:00	16,62	15,99	15,86	15,83	15,85	15,80	15,70	15,58	15,39	15,17	14,93	14,66	14,39	14,09	13,79	13,45	13,11	12,72	12,32	11,89	11,45	16,92
09/06/2019 19:05:00	16,95	16,24	15,97	15,82	15,75	15,71	15,62	15,44	15,29	15,16	14,88	14,61	14,33	14,05	13,77	13,45	13,14	12,77	12,40	11,99	11,57	17,93
09/06/2019 19:10:00	17,24	16,46	16,09	15,83	15,71	15,56	15,42	15,31	15,14	14,96	14,80	14,62	14,44	14,22	13,99	13,70	13,42	13,07	12,73	12,34	11,96	18,13
09/06/2019 19:15:00	17,27	16,48	16,08	15,80	15,64	15,67	15,64	15,48	15,35	15,25	15,04	14,83	14,63	14,40	14,17	13,89	13,61	13,27	12,92	12,53	12,13	18,11
09/06/2019 19:20:00	17,32	16,53	16,19	15,95	15,78	15,70	15,59	15,43	15,25	15,09	14,93	14,74	14,56	14,33	14,10	13,81	13,52	13,17	12,82	12,43	12,04	18,57
09/06/2019 19:25:00	17,16	16,70	16,43	16,19	15,96	15,79	15,60	15,40	15,22	15,05	14,79	14,54	14,29	14,02	13,76	13,46	13,16	12,81	12,46	12,08	11,70	17,71
09/06/2019 19:30:00	17,32	16,68	16,36	16,12	15,95	15,83	15,66	15,42	15,20	15,00	14,75	14,48	14,22	13,94	13,65	13,33	13,01	12,64	12,26	11,85	11,44	17,69
09/06/2019 19:35:00	17,50	16,63	16,36	16,18	16,03	15,91	15,76	15,56	15,35	15,11	14,84	14,54	14,25	13,95	13,65	13,31	12,98	12,59	12,21	11,79	11,36	19,24
09/06/2019 19:40:00	17,49	16,81	16,43	16,13	15,92	15,73	15,52	15,29	15,07	14,86	14,63	14,39	14,15	13,89	13,63	13,32	13,00	12,65	12,29	11,90	11,51	18,86
09/06/2019 19:45:00	17,51	17,01	16,66	16,32	15,99	15,77	15,53	15,25	15,01	14,81	14,59	14,36	14,13	13,88	13,63	13,32	13,02	12,68	12,33	11,96	11,59	19,26
09/06/2019 19:50:00	17,69	16,96	16,65	16,40	16,15	15,92	15,69	15,48	15,24	15,00	14,77	14,53	14,28	14,01	13,74	13,42	13,10	12,74	12,37	11,98	11,59	19,34
09/06/2019 19:55:00	17,80	17,20	16,81	16,49	16,25	16,07	15,87	15,62	15,35	15,09	14,84	14,58	14,31	14,03	13,75	13,42	13,09	12,72	12,34	11,93	11,52	19,54
09/06/2019 20:00:00	17,91	17,25	16,86	16,53	16,24	16,04	15,84	15,59	15,32	15,05	14,78	14,50	14,23	13,94	13,65	13,32	13,00	12,62	12,25	11,85	11,44	19,83
09/06/2019 20:05:00	17,97	17,26	16,83	16,47	16,15	15,86	15,57	15,31	15,05	14,81	14,57	14,32	14,08	13,81	13,55	13,23	12,92	12,57	12,21	11,83	11,45	19,45
09/06/2019 20:10:00	17,92	17,18	16,76	16,42	16,15	15,90	15,62	15,32	15,07	14,84	14,59	14,34	14,09	13,81	13,54	13,21	12,89	12,53	12,17	11,78	11,39	20,16
09/06/2019 20:15:00	17,84	17,31	16,93	16,56	16,21	15,88	15,55	15,24	14,99	14,80	14,54	14,29	14,03	13,77	13,50	13,20	12,89	12,55	12,21	11,85	11,48	19,15
09/06/2019 20:20:00	18,28	17,58	17,13	16,77	16,54	16,28	16,02	15,77	15,47	15,15	15,00	14,80	14,61	14,36	14,12	13,79	13,45	13,08	12,70	12,30	11,89	19,12
09/06/2019 20:25:00	18,27	17,66	17,24	16,87	16,52	16,22	15,94	15,69	15,45	15,24	15,02	14,80	14,59	14,35	14,10	13,80	13,50	13,16	12,82	12,45	12,07	19,22
09/06/2019 20:30:00	18,31	17,71	17,37	17,06	16,71	16,43	16,14	15,83	15,56	15,32	15,09	14,84	14,60	14,33	14,07	13,74	13,42	13,06	12,69	12,31	11,92	19,78
09/06/2019 20:35:00	18,40	17,82	17,41	17,04	16,75	16,44	16,13	15,86	15,58	15,31	15,09	14,86	14,63	14,36	14,10	13,78	13,45	13,09	12,73	12,33	11,94	19,64
09/06/2019 20:40:00	18,37	17,83	17,44	17,09	16,74	16,44	16,14	15,82	15,53	15,28	14,98	14,69	14,40	14,10	13,81	13,47	13,14	12,77	12,40	12,01	11,61	19,30
09/06/2019 20:45:00	18,27	17,93	17,52	17,12	16,79	16,43	16,08	15,75	15,43	15,12	14,85	14,58	14,31	14,02	13,73	13,39	13,05	12,68	12,30	11,91	11,51	19,12
09/06/2019 20:50:00	18,17	17,83	17,41	17,04	16,79	16,54	16,25	15,88	15,56	15,28	14,98	14,68	14,38	14,06	13,75	13,39	13,04	12,65	12,26	11,84	11,42	18,44
09/06/2019 20:55:00	18,19	17,92	17,51	17,09	16,66	16,34	16,01	15,62	15,34	15,13	14,83	14,55	14,27	13,99	13,71	13,39	13,07	12,72	12,37	12,00	11,63	18,99
09/06/2019 21:00:00	18,15	17,85	17,53	17,18	16,82	16,47	16,15	15,84	15,50	15,14	14,82	14,50	14,19	13,87	13,55	13,19	12,84	12,45	12,07	11,66	11,26	18,82
09/06/2019 21:05:00	18,24	17,80	17,44	17,09	16,72	16,42	16,13	15,83	15,52	15,23	14,94	14,65	14,36	14,06	13,76	13,43	13,09	12,72	12,34	11,95	11,55	19,01
09/06/2019 21:10:00	18,08	17,86	17,54	17,19	16,78	16,44	16,11	15,77	15,43	15,11	14,86	14,61	14,35	14,07	13,78	13,44	13,10	12,73	12,37	11,98	11,59	18,90
09/06/2019 21:15:00	17,98	17,77	17,50	17,22	16,92	16,60	16,28	15,95	15,64	15,34	15,00	14,66	14,33	14,00	13,66	13,31	12,95	12,56	12,17	11,76	11,34	18,80
09/06/2019 21:20:00	17,95	17,85	17,48	17,11	16,81	16,50	16,19	15,86	15,53	15,21	14,92	14,63	14,34	14,04	13,73	13,38	13,04	12,65	12,27	11,86	11,45	19,29
09/06/2019 21:25:00	17,89	17,73	17,48	17,19	16,83	16,52	16,21	15,88	15,55	15,24	14,89	14,56	14,23	13,90	13,56	13,21	12,85	12,46	12,08	11,67	11,27	19,56
09/06/2019 21:30:00	17,75	17,76	17,51	17,21	16,86	16,52	16,18	15,85	15,51	15,18	14,87	14,57	14,27	13,95	13,64	13,28	12,93	12,54	12,16	11,76	11,36	18,80
09/06/2019 21:35:00	18,07	18,01	17,73	17,44	17,15	16,83	16,51	16,19	15,86	15,52	15,27	15,01	14,74	14,45	14,15	13,80	13,44	13,05	12,66	12,25	11,84	18,65
09/06/2019 21:40:00	18,04	17,96	17,73	17,48	17,18	16,87	16,56	16,26	15,92	15,56	15,27	14,98	14,68	14,36	14,04	13,68	13,31	12,91	12,52	12,10	11,68	17,90
09/06/2019 21:45:00	17,99	18,08	17,85	17,56	17,25	16,85	16,45	16,07	15,73	15,42	15,09	14,76	14,44	14,10	13,77	13,41	13,04	12,65	12,26	11,86	11,45	17,67
09/06/2019 21:50:00	17,67	17,74	17,52	17,26	16,95	16,60	16,24	15,89	15,55	15,24	14,93	14,62	14,31	13,98	13,66	13,30	12,94	12,55	12,16	11,76	11,36	17,69
09/06/2019 21:55:00	17,52	17,68	17,52	17,29	16,94	16,60	16,26	15,93	15,58	15,24	14,93	14,63	14,32	14,00	13,68	13,32	12,95	12,57	12,18	11,77	11,37	17,04
09/06/2019 22:00:00	17,56	17,68	17,50	17,27	16,97	16,64	16,29	15,92	15,59	15,30	14,94	14,60	14,26	13,92	13,58	13,21	12,84	12,45	12,06	11,65	11,24	16,71
09/06/2019 22:05:00	17,21	17,37	17,18	16,94	16,64	16,28	15,91	15,55	15,22	14,91	14,57	14,25	13,92	13,59	13,26	12,90	12,53	12,15	11,76	11,36	10,96	16,86
09/06/2019 22:10:00	17,32	17,33	17,06	16,76	16,47	16,09	15,73	15,43	15,13	14,85	14,53	14,24	13,94	13,63	13,33	12,99	12,65	12,28	11,91	11,53	11,14	16,73
09/06/2019 22:15:00	17,24	17,35	17,11	16,85	16,57	16,23	15,87	15,52	15,17	14,84	14,48	14,13	13,78	13,44	13,09	12,72	12,35	11,96	11,56	11,15	10,74	16,45
09/06/2019 22:20:00	17,20	17,36	17,12	16,85	16,56	16,20	15,82	15,44	15,12	14,83	14,45	14,10	13,75	13,41	13,06	12,70	12,34	11,95	11,57	11,17	10,77	16,49
09/06/2019 22:25:00	17,09	17,37	17,18	16,92	16,58	16,21	15,84	15,46	15,11	14,78	14,42	14,07	13,72	13,38	13,03	12,66	12,30	11,91	11,53	11,13	10,73	16,35
09/06/2019 22:30:00	16,88	17,38	17,21	16,95	16,62	16,25	15,89	15,53	15,15	14,78	14,47	14,16	13,86	13,53	13,21	12,84	12,47	12,08	11,69	11,29	10,89	16,50
09/06/2019 22:35:00	16,91	17,24	17,08	16,83	16,52	16,11	15,72	15,39	15,06	14,75	14,40	14,08	13,75	13,42	13,09	12,74	12,38	12,01	11,63	11,25	10,87	16,40
09/06/2019 22:40:00	16,52	16,85	16,75	16,58	16,31	15,99	15,65	15,33	15,00	14,67	14,29	13,92	13,56	13,20	12,85	12,48	12,10	11,71	11,32	10,92	10,52	16,41
09/06/2019 22:45:00	16,32	16,66	16,65	16,55	16,31	16,03	15,72	15,36	14,99	14,62	14,27	13,91	13,56	13,19	12,82	12,43	12,03	11,62	11,21	10,79	10,37	16,34
09/06/2019 22:50:00	16,29	16,70	16,67	16,55	16,29	16,00	15,66	15,27	14,92	14,58	14,18	13,79	13,40	13,02	12,63	12,24	11,85	11,44	11,04	10,62	10,20	16,37
09/06/2019 22:55:00	16,19	16,86	16,81	16,64	16,34	16,01	15,65	15,27	14,91	14,56	14,16	13,79	13,41	13,04	12,68	12,29	11,91	11,52	11,12	10,72	10,32	16,24
09/06/2019 23:00:00	16,18	16,82	16,71	16,51	16,27	15,93	15,58	15,25	14,85	14,44	14,10	13,76	13,42	13,06	12,71	12,32	11,93	11,53	11,13	10,71	10,30	16,27
09/06/2019 23:05:00	16,20	16,68	16,63	16,45	16,13	15,83	15,49	15,08	14,74	14,43	14,01	13,62	13,23	12,86	12,48	12,11	11,73	11,34	10,95	10,55	10,15	16,19
09/06/2019 23:10:00	16,06	16,79	16,80	16,69	16,45	16,13	15,78	15,39	15,03	14,67	14,24	13,83	13,42	13,03	12,64	12,24	11,84	11,43	11,02	10,60	10,18	16,04
09/06/2019 23:15:00	16,03	16,77	16,80	16,68	16,39	16,00	15,61	15,25	14,85	14,45	14,07	13,69	13,32	12,94	12,57	12,17	11,77	11,37	10,97	10,56	10,16	15,89
09/06/2019 23:20:00	15,88	16,71	16,74	16,61	16,35	15,97	15,60	15,29	14,95	14,62	14,23	13,87	13,51	13,15	12,80	12,43	12,06	11,68	11,29	10,91	10,52	15,57
09/06/2019 23:25:00	16,08	16,94	16,87	16,64	16,26	15,88	15,52	15,16	14,77	14,39	14,05	13,73	13,41	13,08	12,75	12,38	12,02	11,64	11,26	10,87	10,49	15,78
09/06/2019 23:30:00	16,33	16,94	16,78	16,50	16,12	15,72	15,33	14,94	14,56	14,22	13,94	13,67	13,40	13,10	12,80	12,45	12,09	11,72	11,36	10,99	10,62	15,97
09/06/2019 23:35:00	16,27	16,82	16,70	16,52	16,31	15,98	15,62	15,27	14,92	14,58	14,19	13,82	13,45	13,09	12,72	12,34	11,96	11,56	11,16	10,75	10,34	16,44
09/06/2019 23:40:00	16,07	16,81	16,78	16,62	16,32	15,96	15,59	15,23	14,88	14,53	14,11	13,72	13,33	12,96	12,59	12,21	11,83	11,44	11,05	10,65	10,25	15,97
09/06/2019 23:45:00	15,81	16,58	16,58	16,42	16,08	15,80	15,49	15,11	14,74	14,40	14,08	13,77	13,45	13,12	12,79	12,42	12,05	11,67	11,29	10,90	10,51	15,45
09/06/2019 23:50:00	15,59	16,42	16,47	16,38	16,14	15,82	15,49	15,16	14,78	14,41	14,11	13,79	13,48	13,14	12,80	12,42	12,03	11,64	11,24	10,84	10,44	15,44
09/06/2019 23:55:00	15,72	16,33	16,43	16,37	16,10	15,81	15,48	15,10	14,76	14,42	14,01	13,61	13,22	12,83	12,45	12,05	11,66	11,26	10,86	10,46	10,05	15,65
