FileFormat:0002.2 file with temperature of atmosphere
SN105HE102
local	GMT or Local
0	GMT-Local=[hours]
0	Height[m]
0	0	0	Longitude                [grd]               [min]               [sec]
0	0	0	Latitude                [grd]               [min]               [sec]
N	NS
56,45	Freq[GHz]
0,00	dTemostat[K]
0,150	MessErr[K]
0,248	//[grad/step]
version 14.4.20120406
MTP5HE102F5645K-38.60I70D219217+A1.1
Commentary:
SN105HE102
парабола ДНА = 2,5 град
НЕ102 - ПУ - ХВБ с ЦСД " S "
АЦП - 202 - 09 с контр.U пит.и М
оптопара серии - 2
Т out № 178 пл
БП LPS - 112
End Of Commentary

SYSTEM\summer.dat
data time	0	50	100	150	200	250	300	350	400	450	500	550	600	650	700	750	800	850	900	950	1000	OutsideTemperature
11/06/2019 00:00:00	16,49	16,58	16,53	16,45	16,30	16,09	15,87	15,65	15,40	15,13	14,78	14,43	14,09	13,75	13,42	13,06	12,70	12,31	11,92	11,51	11,09	16,50
11/06/2019 00:05:00	16,37	16,57	16,52	16,43	16,25	16,07	15,83	15,53	15,24	14,97	14,67	14,36	14,06	13,73	13,41	13,04	12,68	12,29	11,89	11,48	11,06	16,30
11/06/2019 00:10:00	16,41	16,63	16,58	16,44	16,19	15,97	15,74	15,49	15,20	14,91	14,63	14,34	14,06	13,75	13,45	13,10	12,75	12,38	12,00	11,60	11,20	16,39
11/06/2019 00:15:00	16,39	16,58	16,56	16,49	16,30	16,07	15,82	15,56	15,25	14,94	14,65	14,35	14,05	13,73	13,40	13,04	12,67	12,27	11,88	11,47	11,05	16,32
11/06/2019 00:20:00	16,51	16,71	16,67	16,55	16,30	16,08	15,82	15,51	15,15	14,80	14,60	14,36	14,11	13,81	13,52	13,15	12,78	12,39	12,00	11,59	11,18	16,35
11/06/2019 00:25:00	16,56	16,65	16,53	16,39	16,23	16,01	15,77	15,53	15,24	14,94	14,68	14,40	14,13	13,82	13,52	13,16	12,81	12,42	12,04	11,63	11,22	16,24
11/06/2019 00:30:00	16,51	16,54	16,47	16,37	16,18	16,00	15,80	15,55	15,29	15,02	14,68	14,34	14,01	13,67	13,34	12,98	12,63	12,24	11,85	11,43	11,01	16,48
11/06/2019 00:35:00	16,59	16,66	16,50	16,32	16,14	15,90	15,67	15,47	15,19	14,89	14,56	14,25	13,93	13,61	13,29	12,94	12,60	12,21	11,83	11,42	11,01	16,51
11/06/2019 00:40:00	16,55	16,47	16,27	16,09	15,93	15,76	15,60	15,47	15,19	14,85	14,61	14,36	14,10	13,82	13,53	13,19	12,85	12,47	12,09	11,67	11,26	16,58
11/06/2019 00:45:00	16,47	16,45	16,34	16,21	16,01	15,79	15,54	15,28	14,97	14,64	14,38	14,10	13,81	13,50	13,19	12,83	12,47	12,08	11,69	11,28	10,87	16,36
11/06/2019 00:50:00	16,35	16,45	16,26	16,09	15,97	15,78	15,57	15,37	15,04	14,69	14,47	14,22	13,97	13,67	13,38	13,02	12,66	12,27	11,87	11,45	11,02	16,27
11/06/2019 00:55:00	16,32	16,32	16,18	16,04	15,85	15,69	15,48	15,19	14,90	14,62	14,36	14,09	13,81	13,50	13,20	12,85	12,49	12,11	11,72	11,31	10,90	16,25
11/06/2019 01:00:00	16,22	16,27	16,18	16,06	15,89	15,64	15,42	15,27	14,97	14,62	14,34	14,05	13,77	13,46	13,15	12,79	12,44	12,06	11,68	11,27	10,86	16,18
11/06/2019 01:05:00	16,18	16,29	16,17	16,03	15,86	15,65	15,41	15,14	14,87	14,61	14,29	13,98	13,67	13,36	13,04	12,69	12,34	11,96	11,58	11,18	10,77	16,15
11/06/2019 01:10:00	16,04	16,23	16,10	15,95	15,82	15,62	15,38	15,11	14,82	14,54	14,24	13,93	13,63	13,31	12,99	12,63	12,27	11,88	11,50	11,09	10,67	16,02
11/06/2019 01:15:00	16,04	16,08	15,99	15,85	15,58	15,39	15,18	14,94	14,72	14,51	14,26	14,01	13,76	13,49	13,22	12,90	12,58	12,23	11,89	11,51	11,14	16,02
11/06/2019 01:20:00	15,96	16,19	16,06	15,90	15,71	15,47	15,19	14,90	14,62	14,36	14,11	13,84	13,58	13,29	13,00	12,66	12,31	11,94	11,58	11,19	10,80	16,11
11/06/2019 01:25:00	16,02	16,15	16,13	16,05	15,87	15,66	15,44	15,23	14,94	14,65	14,39	14,12	13,85	13,55	13,25	12,90	12,55	12,17	11,79	11,39	10,98	16,14
11/06/2019 01:30:00	16,01	16,13	16,00	15,85	15,70	15,52	15,34	15,15	14,89	14,61	14,32	14,03	13,74	13,44	13,14	12,80	12,46	12,08	11,71	11,30	10,90	16,14
11/06/2019 01:35:00	15,98	16,13	16,02	15,89	15,75	15,62	15,40	15,07	14,75	14,45	14,20	13,92	13,64	13,32	13,01	12,64	12,27	11,87	11,48	11,06	10,64	16,06
11/06/2019 01:40:00	15,85	15,94	15,90	15,80	15,60	15,38	15,14	14,88	14,61	14,32	14,05	13,76	13,47	13,16	12,86	12,51	12,16	11,78	11,41	11,01	10,62	15,85
11/06/2019 01:45:00	15,87	15,89	15,80	15,72	15,62	15,48	15,31	15,12	14,85	14,54	14,25	13,95	13,64	13,32	13,00	12,64	12,29	11,90	11,50	11,08	10,66	15,82
11/06/2019 01:50:00	15,91	15,90	15,84	15,79	15,76	15,59	15,37	15,12	14,83	14,53	14,29	14,01	13,72	13,41	13,09	12,72	12,35	11,95	11,54	11,12	10,69	15,78
11/06/2019 01:55:00	15,75	15,68	15,59	15,50	15,38	15,21	15,01	14,78	14,60	14,42	14,13	13,83	13,54	13,24	12,95	12,62	12,30	11,94	11,58	11,20	10,81	15,72
11/06/2019 02:00:00	15,52	15,68	15,64	15,57	15,45	15,27	15,05	14,82	14,56	14,29	13,98	13,67	13,36	13,03	12,71	12,36	12,00	11,62	11,24	10,84	10,44	15,62
11/06/2019 02:05:00	15,46	15,62	15,55	15,46	15,32	15,20	15,03	14,79	14,49	14,18	13,94	13,67	13,40	13,10	12,79	12,44	12,08	11,70	11,31	10,90	10,49	15,55
11/06/2019 02:10:00	15,49	15,62	15,53	15,41	15,25	15,07	14,84	14,58	14,31	14,05	13,83	13,59	13,35	13,07	12,79	12,45	12,11	11,75	11,38	11,00	10,61	15,47
11/06/2019 02:15:00	15,40	15,61	15,48	15,31	15,12	14,94	14,72	14,44	14,17	13,93	13,74	13,52	13,31	13,05	12,79	12,46	12,14	11,78	11,43	11,05	10,68	15,47
11/06/2019 02:20:00	15,39	15,58	15,52	15,39	15,19	15,00	14,78	14,53	14,25	13,98	13,76	13,51	13,27	12,99	12,71	12,37	12,03	11,67	11,31	10,93	10,55	15,34
11/06/2019 02:25:00	15,46	15,52	15,40	15,27	15,11	14,87	14,64	14,41	14,17	13,93	13,73	13,51	13,29	13,03	12,77	12,44	12,12	11,77	11,42	11,05	10,67	15,43
11/06/2019 02:30:00	15,38	15,61	15,51	15,36	15,14	14,92	14,68	14,43	14,14	13,87	13,71	13,52	13,33	13,08	12,83	12,50	12,17	11,82	11,47	11,10	10,73	15,36
11/06/2019 02:35:00	15,49	15,56	15,47	15,36	15,19	15,02	14,85	14,66	14,39	14,09	13,80	13,50	13,21	12,90	12,59	12,25	11,90	11,53	11,16	10,76	10,36	15,35
11/06/2019 02:40:00	15,36	15,48	15,36	15,24	15,10	14,96	14,76	14,47	14,23	14,01	13,73	13,45	13,16	12,86	12,56	12,23	11,89	11,52	11,15	10,76	10,37	15,30
11/06/2019 02:45:00	15,33	15,52	15,38	15,24	15,14	14,93	14,69	14,44	14,21	14,00	13,72	13,43	13,15	12,86	12,57	12,23	11,90	11,54	11,18	10,80	10,42	15,40
11/06/2019 02:50:00	15,32	15,47	15,39	15,28	15,12	14,95	14,72	14,42	14,15	13,89	13,64	13,37	13,10	12,80	12,51	12,16	11,81	11,44	11,07	10,68	10,29	15,36
11/06/2019 02:55:00	15,27	15,47	15,39	15,27	15,10	14,90	14,67	14,42	14,14	13,85	13,54	13,23	12,92	12,60	12,28	11,93	11,58	11,20	10,83	10,44	10,04	15,54
11/06/2019 03:00:00	15,43	15,36	15,35	15,32	15,22	15,04	14,80	14,51	14,22	13,92	13,60	13,26	12,92	12,58	12,23	11,85	11,47	11,07	10,68	10,26	9,84	15,45
11/06/2019 03:05:00	15,30	15,40	15,30	15,16	14,95	14,77	14,55	14,29	13,97	13,66	13,41	13,13	12,86	12,56	12,25	11,90	11,55	11,18	10,81	10,42	10,02	15,34
11/06/2019 03:10:00	15,32	15,42	15,32	15,20	15,04	14,77	14,51	14,26	13,96	13,66	13,40	13,12	12,84	12,54	12,23	11,88	11,53	11,16	10,79	10,41	10,02	15,39
11/06/2019 03:15:00	15,23	15,35	15,23	15,09	14,94	14,69	14,41	14,12	13,89	13,66	13,36	13,06	12,76	12,45	12,14	11,81	11,47	11,12	10,76	10,39	10,01	15,49
11/06/2019 03:20:00	15,25	15,47	15,38	15,21	14,96	14,72	14,46	14,18	13,88	13,58	13,29	12,99	12,69	12,38	12,07	11,73	11,39	11,02	10,66	10,28	9,91	15,42
11/06/2019 03:25:00	15,28	15,23	15,09	14,95	14,82	14,74	14,59	14,36	14,09	13,81	13,50	13,18	12,86	12,54	12,21	11,87	11,52	11,14	10,76	10,35	9,94	15,42
11/06/2019 03:30:00	15,21	15,30	15,19	15,00	14,67	14,39	14,13	13,90	13,57	13,24	13,00	12,74	12,49	12,21	11,92	11,59	11,26	10,91	10,57	10,20	9,84	15,25
11/06/2019 03:35:00	15,17	15,26	15,11	14,92	14,66	14,40	14,14	13,90	13,66	13,41	13,09	12,79	12,48	12,18	11,88	11,56	11,25	10,90	10,56	10,21	9,85	15,44
11/06/2019 03:40:00	15,52	15,42	15,17	14,91	14,66	14,39	14,12	13,85	13,57	13,32	13,17	12,99	12,81	12,58	12,35	12,04	11,73	11,39	11,06	10,71	10,37	15,45
11/06/2019 03:45:00	15,21	15,08	14,90	14,68	14,41	14,19	13,97	13,76	13,65	13,58	13,42	13,27	13,12	12,93	12,75	12,50	12,25	11,96	11,68	11,38	11,08	15,32
11/06/2019 03:50:00	15,05	14,91	14,74	14,54	14,31	14,10	13,85	13,58	13,38	13,22	13,17	13,07	12,97	12,79	12,61	12,32	12,04	11,73	11,42	11,10	10,78	15,11
11/06/2019 03:55:00	14,73	14,73	14,49	14,29	14,16	14,01	13,87	13,75	13,61	13,51	13,47	13,40	13,33	13,19	13,04	12,79	12,54	12,25	11,96	11,64	11,31	14,82
11/06/2019 04:00:00	14,58	14,37	14,25	14,15	14,08	14,02	13,95	13,88	13,89	13,92	13,91	13,86	13,82	13,71	13,60	13,38	13,17	12,90	12,63	12,33	12,03	14,64
11/06/2019 04:05:00	14,55	14,51	14,45	14,38	14,29	14,16	14,02	13,88	13,77	13,70	13,67	13,59	13,52	13,36	13,20	12,94	12,68	12,38	12,08	11,75	11,43	14,39
11/06/2019 04:10:00	14,36	14,29	14,29	14,29	14,27	14,20	14,10	13,97	13,82	13,68	13,62	13,50	13,38	13,19	12,99	12,70	12,41	12,08	11,74	11,38	11,03	14,40
11/06/2019 04:15:00	14,39	14,43	14,38	14,35	14,34	14,26	14,19	14,15	13,99	13,84	13,71	13,55	13,39	13,18	12,97	12,69	12,40	12,07	11,74	11,37	11,01	14,34
11/06/2019 04:20:00	14,38	14,41	14,38	14,31	14,18	13,99	13,82	13,71	13,55	13,40	13,30	13,17	13,03	12,84	12,65	12,37	12,09	11,79	11,48	11,15	10,82	14,34
11/06/2019 04:25:00	14,44	14,51	14,41	14,28	14,13	13,93	13,75	13,62	13,51	13,45	13,42	13,36	13,30	13,16	13,02	12,77	12,53	12,25	11,97	11,67	11,38	14,39
11/06/2019 04:30:00	14,42	14,41	14,27	14,16	14,12	14,02	13,91	13,80	13,67	13,56	13,51	13,41	13,32	13,15	12,98	12,72	12,45	12,14	11,83	11,50	11,16	14,41
11/06/2019 04:35:00	14,40	14,42	14,31	14,18	14,02	13,91	13,78	13,63	13,52	13,45	13,41	13,33	13,26	13,11	12,96	12,71	12,46	12,17	11,89	11,57	11,26	14,38
11/06/2019 04:40:00	14,39	14,42	14,34	14,22	14,05	13,92	13,76	13,57	13,46	13,39	13,31	13,20	13,09	12,93	12,76	12,50	12,24	11,95	11,66	11,35	11,04	14,14
11/06/2019 04:45:00	14,11	14,09	13,98	13,86	13,73	13,62	13,48	13,33	13,21	13,10	12,95	12,79	12,63	12,43	12,23	11,96	11,69	11,39	11,09	10,77	10,44	14,03
11/06/2019 04:50:00	14,03	14,10	14,04	13,93	13,76	13,64	13,50	13,36	13,18	13,03	13,00	12,93	12,85	12,69	12,53	12,26	11,99	11,69	11,39	11,07	10,74	13,98
11/06/2019 04:55:00	14,04	14,16	14,11	14,04	13,94	13,75	13,52	13,27	13,10	12,96	12,85	12,70	12,56	12,35	12,13	11,84	11,54	11,22	10,90	10,57	10,23	14,05
11/06/2019 05:00:00	14,13	14,27	14,23	14,16	14,07	13,93	13,79	13,67	13,45	13,23	13,05	12,85	12,65	12,41	12,16	11,85	11,55	11,21	10,87	10,51	10,15	14,15
11/06/2019 05:05:00	14,18	14,28	14,27	14,18	13,98	13,82	13,61	13,36	13,17	13,00	12,90	12,75	12,61	12,40	12,19	11,89	11,60	11,28	10,97	10,63	10,30	14,12
11/06/2019 05:10:00	14,19	14,28	14,19	14,07	13,93	13,73	13,52	13,34	13,15	12,99	12,92	12,80	12,68	12,49	12,30	12,02	11,73	11,43	11,12	10,79	10,47	14,14
11/06/2019 05:15:00	14,15	14,09	14,04	13,96	13,81	13,63	13,45	13,28	13,10	12,94	12,85	12,72	12,58	12,39	12,19	11,90	11,62	11,31	11,00	10,67	10,33	14,11
11/06/2019 05:20:00	14,16	14,15	14,08	13,97	13,80	13,61	13,43	13,28	13,09	12,90	12,76	12,59	12,42	12,20	11,99	11,70	11,41	11,10	10,79	10,46	10,13	14,19
11/06/2019 05:25:00	14,31	14,18	14,10	13,96	13,71	13,55	13,37	13,16	12,97	12,82	12,70	12,56	12,41	12,21	12,01	11,73	11,45	11,15	10,85	10,52	10,20	14,21
11/06/2019 05:30:00	14,39	14,36	14,18	14,00	13,84	13,65	13,46	13,25	13,08	12,92	12,78	12,61	12,44	12,23	12,02	11,74	11,46	11,15	10,84	10,51	10,19	14,28
11/06/2019 05:35:00	14,42	14,25	14,12	13,97	13,77	13,68	13,56	13,37	13,21	13,06	12,86	12,65	12,44	12,21	11,98	11,69	11,41	11,10	10,78	10,44	10,10	14,31
11/06/2019 05:40:00	14,43	14,21	14,08	13,90	13,59	13,50	13,36	13,13	12,93	12,76	12,66	12,51	12,37	12,18	11,98	11,70	11,43	11,12	10,82	10,49	10,16	14,35
11/06/2019 05:45:00	14,43	14,32	14,13	13,95	13,80	13,63	13,44	13,24	13,03	12,83	12,69	12,52	12,35	12,12	11,90	11,61	11,31	10,99	10,67	10,32	9,98	14,35
11/06/2019 05:50:00	14,44	14,34	14,14	13,94	13,72	13,50	13,29	13,10	12,91	12,76	12,65	12,52	12,39	12,20	12,01	11,74	11,47	11,17	10,87	10,55	10,24	14,37
11/06/2019 05:55:00	14,46	14,29	14,17	14,01	13,79	13,61	13,41	13,20	13,00	12,82	12,66	12,47	12,29	12,06	11,83	11,54	11,25	10,94	10,63	10,29	9,96	14,38
11/06/2019 06:00:00	14,39	14,13	14,05	13,99	13,88	13,72	13,54	13,36	13,19	13,03	12,82	12,60	12,37	12,12	11,87	11,56	11,26	10,93	10,60	10,25	9,90	14,37
11/06/2019 06:05:00	14,40	14,18	14,05	13,94	13,84	13,78	13,67	13,52	13,33	13,15	12,98	12,78	12,58	12,34	12,10	11,81	11,51	11,18	10,84	10,48	10,11	14,31
11/06/2019 06:10:00	14,34	14,21	14,11	13,99	13,81	13,66	13,49	13,32	13,12	12,93	12,80	12,63	12,47	12,25	12,03	11,74	11,45	11,13	10,82	10,48	10,14	14,29
11/06/2019 06:15:00	14,29	14,18	14,05	13,96	13,89	13,73	13,53	13,32	13,15	12,99	12,80	12,59	12,38	12,13	11,88	11,58	11,28	10,95	10,62	10,26	9,91	14,29
11/06/2019 06:20:00	14,38	14,21	14,05	13,88	13,71	13,53	13,36	13,20	13,00	12,81	12,64	12,45	12,26	12,04	11,81	11,52	11,24	10,92	10,61	10,27	9,93	14,30
11/06/2019 06:25:00	14,40	14,26	14,12	13,97	13,81	13,62	13,41	13,21	13,03	12,85	12,67	12,47	12,27	12,03	11,80	11,51	11,22	10,90	10,58	10,25	9,91	14,35
11/06/2019 06:30:00	14,43	14,31	14,19	14,04	13,84	13,68	13,48	13,26	13,08	12,92	12,71	12,49	12,28	12,04	11,79	11,50	11,21	10,89	10,57	10,24	9,90	14,37
11/06/2019 06:35:00	14,51	14,29	14,17	14,04	13,86	13,61	13,39	13,23	13,04	12,85	12,63	12,41	12,18	11,93	11,69	11,39	11,10	10,78	10,47	10,13	9,80	14,39
11/06/2019 06:40:00	14,47	14,35	14,20	14,05	13,89	13,65	13,39	13,13	12,87	12,62	12,46	12,25	12,05	11,79	11,54	11,22	10,89	10,56	10,22	9,86	9,51	14,47
11/06/2019 06:45:00	14,52	14,40	14,23	14,05	13,85	13,58	13,32	13,08	12,85	12,64	12,51	12,35	12,19	11,97	11,75	11,45	11,15	10,84	10,52	10,19	9,86	14,48
11/06/2019 06:50:00	14,55	14,42	14,25	14,07	13,85	13,70	13,48	13,19	12,95	12,74	12,58	12,39	12,20	11,96	11,71	11,40	11,09	10,76	10,43	10,08	9,73	14,51
11/06/2019 06:55:00	14,59	14,48	14,31	14,11	13,84	13,58	13,32	13,06	12,85	12,67	12,45	12,23	12,01	11,77	11,52	11,23	10,94	10,63	10,32	9,99	9,67	14,55
11/06/2019 07:00:00	14,63	14,46	14,23	14,00	13,75	13,53	13,31	13,09	12,88	12,68	12,50	12,30	12,11	11,88	11,65	11,36	11,08	10,77	10,46	10,13	9,80	14,56
11/06/2019 07:05:00	14,70	14,44	14,18	13,95	13,73	13,49	13,26	13,07	12,82	12,58	12,42	12,23	12,04	11,81	11,58	11,29	10,99	10,67	10,35	10,01	9,67	14,61
11/06/2019 07:10:00	14,74	14,43	14,15	13,90	13,70	13,44	13,21	13,05	12,84	12,63	12,45	12,26	12,07	11,85	11,62	11,34	11,06	10,75	10,44	10,11	9,78	14,65
11/06/2019 07:15:00	14,76	14,37	14,14	13,93	13,70	13,48	13,28	13,11	12,88	12,64	12,44	12,23	12,01	11,77	11,53	11,23	10,93	10,61	10,29	9,95	9,61	14,75
11/06/2019 07:20:00	14,78	14,59	14,31	14,02	13,74	13,54	13,32	13,08	12,89	12,73	12,58	12,42	12,26	12,06	11,86	11,59	11,32	11,03	10,73	10,41	10,10	14,76
11/06/2019 07:25:00	14,75	14,51	14,24	13,95	13,63	13,39	13,14	12,85	12,64	12,47	12,35	12,21	12,07	11,87	11,68	11,40	11,13	10,83	10,54	10,23	9,92	14,69
11/06/2019 07:30:00	14,70	14,42	14,15	13,92	13,71	13,38	13,09	12,87	12,61	12,36	12,21	12,03	11,85	11,62	11,39	11,08	10,78	10,46	10,14	9,81	9,47	14,75
11/06/2019 07:35:00	14,80	14,46	14,18	13,91	13,63	13,33	13,05	12,83	12,59	12,36	12,21	12,04	11,87	11,65	11,43	11,14	10,85	10,55	10,24	9,92	9,60	14,78
11/06/2019 07:40:00	14,76	14,59	14,22	13,89	13,62	13,32	13,05	12,82	12,53	12,28	12,15	11,99	11,83	11,62	11,41	11,12	10,83	10,52	10,21	9,88	9,55	14,75
11/06/2019 07:45:00	14,81	14,51	14,17	13,82	13,49	13,24	12,97	12,67	12,48	12,33	12,21	12,07	11,93	11,74	11,55	11,29	11,03	10,74	10,46	10,16	9,87	14,79
11/06/2019 07:50:00	14,89	14,50	14,11	13,80	13,59	13,32	13,07	12,86	12,66	12,50	12,39	12,26	12,13	11,94	11,75	11,49	11,22	10,92	10,63	10,31	10,00	14,82
11/06/2019 07:55:00	14,97	14,56	14,25	13,95	13,64	13,35	13,07	12,80	12,62	12,47	12,28	12,09	11,90	11,68	11,46	11,19	10,92	10,63	10,34	10,03	9,72	15,07
11/06/2019 08:00:00	15,10	14,79	14,41	14,05	13,72	13,40	13,09	12,80	12,59	12,43	12,34	12,22	12,10	11,93	11,75	11,49	11,22	10,94	10,66	10,36	10,07	15,20
11/06/2019 08:05:00	15,11	14,73	14,27	13,85	13,48	13,17	12,89	12,66	12,44	12,26	12,19	12,10	12,01	11,85	11,70	11,45	11,20	10,93	10,66	10,37	10,09	15,06
11/06/2019 08:10:00	15,14	14,75	14,26	13,83	13,49	13,19	12,90	12,62	12,41	12,25	12,11	11,97	11,84	11,65	11,47	11,21	10,95	10,67	10,39	10,09	9,80	15,21
11/06/2019 08:15:00	15,28	14,87	14,42	13,99	13,59	13,29	13,02	12,77	12,54	12,36	12,24	12,11	11,98	11,80	11,63	11,37	11,12	10,84	10,56	10,27	9,97	15,30
11/06/2019 08:20:00	15,39	14,91	14,48	14,08	13,75	13,43	13,12	12,84	12,64	12,48	12,35	12,21	12,07	11,89	11,70	11,44	11,18	10,89	10,61	10,31	10,01	15,45
11/06/2019 08:25:00	15,47	15,05	14,60	14,17	13,80	13,44	13,11	12,83	12,57	12,35	12,28	12,17	12,06	11,89	11,71	11,44	11,18	10,89	10,60	10,31	10,01	15,77
11/06/2019 08:30:00	15,58	15,07	14,58	14,14	13,80	13,45	13,14	12,89	12,67	12,50	12,40	12,28	12,16	11,99	11,82	11,56	11,31	11,03	10,75	10,45	10,15	16,10
11/06/2019 08:35:00	15,56	15,06	14,58	14,15	13,80	13,48	13,19	12,94	12,78	12,67	12,55	12,42	12,30	12,13	11,97	11,73	11,49	11,22	10,96	10,67	10,39	15,86
11/06/2019 08:40:00	15,54	15,10	14,62	14,18	13,86	13,54	13,27	13,08	12,88	12,71	12,58	12,45	12,32	12,15	11,97	11,73	11,48	11,20	10,92	10,63	10,33	15,77
11/06/2019 08:45:00	15,66	15,16	14,73	14,34	14,02	13,72	13,44	13,19	12,93	12,70	12,59	12,45	12,31	12,12	11,92	11,65	11,37	11,06	10,76	10,44	10,12	16,32
11/06/2019 08:50:00	15,74	15,21	14,78	14,39	14,03	13,75	13,47	13,20	12,93	12,68	12,53	12,36	12,19	11,97	11,76	11,47	11,18	10,87	10,56	10,23	9,90	16,26
11/06/2019 08:55:00	15,73	15,30	14,89	14,48	14,08	13,73	13,41	13,14	12,86	12,61	12,40	12,20	11,99	11,76	11,52	11,24	10,95	10,65	10,34	10,03	9,71	16,44
11/06/2019 09:00:00	15,84	15,39	14,90	14,42	14,02	13,67	13,37	13,15	12,90	12,65	12,44	12,24	12,05	11,83	11,61	11,34	11,07	10,78	10,48	10,17	9,86	16,19
11/06/2019 09:05:00	15,96	15,49	14,99	14,50	14,05	13,70	13,38	13,05	12,82	12,64	12,43	12,23	12,04	11,82	11,60	11,34	11,08	10,79	10,50	10,20	9,90	16,91
11/06/2019 09:10:00	16,04	15,53	15,07	14,64	14,24	13,87	13,55	13,29	13,06	12,85	12,58	12,34	12,10	11,86	11,61	11,34	11,06	10,76	10,46	10,15	9,83	16,86
11/06/2019 09:15:00	16,09	15,56	15,05	14,61	14,28	13,96	13,67	13,40	13,19	12,99	12,70	12,43	12,16	11,90	11,64	11,36	11,08	10,77	10,46	10,13	9,80	16,56
11/06/2019 09:20:00	16,09	15,65	15,23	14,84	14,48	14,14	13,79	13,42	13,09	12,80	12,57	12,33	12,08	11,81	11,54	11,22	10,89	10,56	10,22	9,86	9,51	16,97
11/06/2019 09:25:00	16,07	15,60	15,11	14,64	14,20	13,83	13,48	13,17	12,89	12,66	12,49	12,31	12,13	11,92	11,70	11,42	11,15	10,85	10,55	10,23	9,92	16,20
11/06/2019 09:30:00	16,06	15,70	15,27	14,83	14,41	14,02	13,63	13,27	12,95	12,66	12,46	12,25	12,04	11,79	11,55	11,24	10,93	10,61	10,30	9,97	9,64	16,33
11/06/2019 09:35:00	16,08	15,72	15,30	14,86	14,44	14,00	13,60	13,26	12,92	12,61	12,40	12,18	11,96	11,71	11,45	11,14	10,83	10,51	10,19	9,86	9,53	16,28
11/06/2019 09:40:00	16,30	15,92	15,47	15,04	14,66	14,19	13,77	13,46	13,19	12,95	12,71	12,47	12,24	11,99	11,74	11,44	11,15	10,84	10,54	10,22	9,90	16,22
11/06/2019 09:45:00	16,18	15,86	15,41	14,94	14,45	14,06	13,70	13,34	13,01	12,73	12,61	12,46	12,32	12,12	11,91	11,62	11,33	11,02	10,72	10,40	10,09	16,19
11/06/2019 09:50:00	16,34	16,02	15,49	14,96	14,50	14,03	13,63	13,31	13,04	12,82	12,60	12,39	12,19	11,96	11,74	11,47	11,20	10,91	10,62	10,32	10,02	16,45
11/06/2019 09:55:00	16,46	15,92	15,44	14,97	14,53	14,13	13,78	13,52	13,29	13,08	12,82	12,59	12,36	12,12	11,89	11,62	11,35	11,05	10,76	10,44	10,13	16,52
11/06/2019 10:00:00	16,49	15,94	15,48	15,05	14,66	14,24	13,88	13,63	13,34	13,07	12,90	12,73	12,55	12,33	12,11	11,82	11,53	11,22	10,91	10,59	10,26	17,09
11/06/2019 10:05:00	16,54	15,99	15,51	15,05	14,62	14,21	13,82	13,47	13,17	12,91	12,74	12,56	12,38	12,16	11,93	11,64	11,34	11,03	10,72	10,40	10,08	16,60
11/06/2019 10:10:00	16,58	16,16	15,73	15,29	14,87	14,44	14,05	13,75	13,42	13,10	12,82	12,55	12,28	12,00	11,72	11,41	11,09	10,76	10,43	10,09	9,74	17,62
11/06/2019 10:15:00	16,79	16,07	15,61	15,19	14,80	14,42	14,07	13,77	13,56	13,39	13,17	12,96	12,74	12,51	12,28	12,01	11,73	11,43	11,13	10,81	10,49	17,69
11/06/2019 10:20:00	16,76	16,15	15,67	15,24	14,85	14,57	14,31	14,04	13,74	13,45	13,21	12,97	12,74	12,48	12,22	11,91	11,61	11,28	10,94	10,58	10,22	16,97
11/06/2019 10:25:00	16,87	16,29	15,84	15,37	14,83	14,39	14,01	13,72	13,43	13,15	12,88	12,63	12,38	12,13	11,87	11,58	11,30	10,99	10,69	10,37	10,05	17,25
11/06/2019 10:30:00	16,83	16,39	15,94	15,51	15,09	14,70	14,31	13,91	13,58	13,27	12,94	12,62	12,31	11,99	11,68	11,34	11,01	10,66	10,31	9,95	9,58	17,53
11/06/2019 10:35:00	16,78	16,31	15,97	15,62	15,19	14,77	14,35	13,93	13,60	13,31	13,00	12,70	12,40	12,09	11,78	11,44	11,10	10,76	10,41	10,06	9,70	17,24
11/06/2019 10:40:00	16,88	16,47	15,96	15,46	15,00	14,57	14,19	13,88	13,52	13,17	12,91	12,66	12,40	12,13	11,85	11,54	11,22	10,89	10,56	10,21	9,86	17,27
11/06/2019 10:45:00	16,96	16,46	15,99	15,52	15,08	14,67	14,28	13,89	13,57	13,29	13,05	12,80	12,56	12,29	12,03	11,72	11,40	11,07	10,75	10,40	10,06	17,51
11/06/2019 10:50:00	17,01	16,56	16,16	15,71	15,19	14,77	14,39	14,02	13,67	13,36	13,06	12,78	12,49	12,21	11,92	11,60	11,28	10,94	10,61	10,26	9,92	17,12
11/06/2019 10:55:00	17,05	16,64	16,14	15,63	15,18	14,77	14,37	14,00	13,68	13,40	13,14	12,88	12,63	12,36	12,09	11,79	11,48	11,15	10,83	10,49	10,15	17,54
11/06/2019 11:00:00	17,11	16,64	16,19	15,75	15,29	14,84	14,43	14,08	13,80	13,55	13,26	12,99	12,71	12,44	12,17	11,86	11,56	11,24	10,92	10,58	10,25	17,91
11/06/2019 11:05:00	17,50	16,86	16,37	15,90	15,49	15,04	14,61	14,23	13,87	13,52	13,21	12,91	12,60	12,29	11,98	11,64	11,30	10,94	10,59	10,22	9,85	18,60
11/06/2019 11:10:00	17,54	16,94	16,48	15,99	15,45	15,13	14,81	14,40	14,05	13,73	13,43	13,14	12,85	12,56	12,27	11,94	11,62	11,27	10,92	10,56	10,19	18,22
11/06/2019 11:15:00	17,70	17,08	16,56	16,08	15,67	15,30	14,93	14,53	14,18	13,85	13,55	13,25	12,95	12,65	12,34	12,00	11,66	11,30	10,94	10,56	10,18	18,21
11/06/2019 11:20:00	17,57	17,06	16,58	16,15	15,76	15,39	15,01	14,64	14,29	13,97	13,61	13,27	12,94	12,61	12,28	11,93	11,59	11,22	10,85	10,46	10,07	18,34
11/06/2019 11:25:00	17,86	17,27	16,79	16,32	15,91	15,47	15,04	14,63	14,27	13,92	13,56	13,22	12,87	12,54	12,20	11,85	11,50	11,13	10,76	10,38	9,99	18,75
11/06/2019 11:30:00	17,85	17,36	16,91	16,45	15,99	15,53	15,07	14,64	14,26	13,91	13,62	13,33	13,03	12,73	12,42	12,07	11,72	11,37	11,01	10,64	10,27	19,24
11/06/2019 11:35:00	17,82	17,45	16,99	16,52	16,07	15,68	15,27	14,81	14,43	14,10	13,75	13,42	13,08	12,75	12,42	12,07	11,72	11,35	10,97	10,59	10,20	18,34
11/06/2019 11:40:00	17,82	17,46	17,02	16,60	16,23	15,77	15,34	15,02	14,63	14,21	13,89	13,56	13,23	12,90	12,57	12,21	11,85	11,47	11,09	10,69	10,29	18,27
11/06/2019 11:45:00	17,92	17,60	17,18	16,73	16,24	15,79	15,35	14,91	14,51	14,13	13,82	13,52	13,21	12,90	12,58	12,22	11,87	11,50	11,13	10,75	10,38	18,18
11/06/2019 11:50:00	18,18	17,88	17,45	17,00	16,57	16,13	15,70	15,30	14,93	14,60	14,25	13,93	13,60	13,27	12,95	12,60	12,25	11,88	11,51	11,12	10,74	18,19
11/06/2019 11:55:00	18,27	17,96	17,51	17,06	16,63	16,18	15,76	15,38	15,01	14,64	14,34	14,04	13,74	13,43	13,12	12,77	12,42	12,05	11,68	11,29	10,90	18,89
11/06/2019 12:00:00	18,39	18,02	17,63	17,21	16,73	16,26	15,84	15,47	15,07	14,65	14,27	13,91	13,56	13,21	12,86	12,49	12,12	11,74	11,35	10,95	10,55	19,26
11/06/2019 12:05:00	18,44	18,07	17,64	17,18	16,67	16,24	15,82	15,37	14,98	14,64	14,29	13,96	13,63	13,30	12,97	12,62	12,26	11,89	11,52	11,13	10,74	18,50
11/06/2019 12:10:00	18,39	18,02	17,58	17,15	16,73	16,33	15,92	15,48	15,08	14,71	14,36	14,02	13,68	13,33	12,99	12,62	12,25	11,86	11,47	11,06	10,65	18,42
11/06/2019 12:15:00	18,40	18,02	17,61	17,19	16,74	16,30	15,88	15,49	15,09	14,67	14,37	14,06	13,75	13,43	13,10	12,74	12,37	11,99	11,60	11,21	10,81	18,38
11/06/2019 12:20:00	18,42	18,09	17,64	17,16	16,72	16,25	15,80	15,42	15,06	14,73	14,42	14,12	13,83	13,52	13,22	12,88	12,54	12,18	11,82	11,44	11,06	18,99
11/06/2019 12:25:00	18,59	18,06	17,62	17,20	16,75	16,35	15,97	15,59	15,21	14,83	14,54	14,25	13,96	13,65	13,34	12,98	12,63	12,25	11,87	11,47	11,07	19,35
11/06/2019 12:30:00	18,85	18,30	17,85	17,40	16,93	16,42	15,95	15,54	15,16	14,82	14,43	14,05	13,68	13,33	12,98	12,62	12,26	11,89	11,51	11,12	10,73	19,58
11/06/2019 12:35:00	18,94	18,40	17,87	17,37	16,94	16,53	16,12	15,68	15,29	14,95	14,64	14,34	14,03	13,71	13,40	13,04	12,69	12,31	11,92	11,52	11,12	20,71
11/06/2019 12:40:00	19,04	18,42	17,92	17,42	16,89	16,46	16,06	15,66	15,32	15,02	14,72	14,43	14,14	13,85	13,56	13,23	12,90	12,55	12,20	11,82	11,45	21,05
11/06/2019 12:45:00	19,11	18,47	17,93	17,42	16,95	16,53	16,12	15,75	15,39	15,06	14,72	14,40	14,08	13,76	13,44	13,10	12,76	12,39	12,01	11,62	11,23	20,19
11/06/2019 12:50:00	19,26	18,59	18,12	17,69	17,29	16,87	16,47	16,07	15,71	15,36	14,95	14,55	14,16	13,79	13,42	13,05	12,68	12,28	11,88	11,46	11,04	19,78
11/06/2019 12:55:00	19,26	18,69	18,21	17,76	17,34	16,90	16,48	16,11	15,73	15,36	14,99	14,64	14,29	13,94	13,60	13,23	12,87	12,48	12,08	11,67	11,26	19,83
11/06/2019 13:00:00	19,15	18,85	18,41	17,93	17,42	16,93	16,46	16,05	15,66	15,30	14,93	14,60	14,26	13,92	13,59	13,23	12,88	12,50	12,12	11,73	11,33	19,80
11/06/2019 13:05:00	19,23	18,83	18,41	17,95	17,44	17,02	16,62	16,15	15,72	15,33	14,99	14,65	14,31	13,97	13,63	13,26	12,88	12,49	12,09	11,68	11,27	19,49
11/06/2019 13:10:00	19,37	18,89	18,44	17,99	17,55	17,10	16,67	16,30	15,85	15,37	15,09	14,80	14,51	14,19	13,87	13,48	13,10	12,69	12,29	11,86	11,44	19,55
11/06/2019 13:15:00	19,61	19,14	18,67	18,19	17,73	17,32	16,89	16,40	15,97	15,58	15,21	14,84	14,48	14,12	13,76	13,37	12,99	12,58	12,17	11,74	11,31	20,53
11/06/2019 13:20:00	19,52	19,10	18,64	18,20	17,79	17,32	16,87	16,49	16,13	15,79	15,40	15,04	14,67	14,32	13,97	13,61	13,24	12,85	12,46	12,05	11,63	20,14
11/06/2019 13:25:00	19,51	19,16	18,74	18,30	17,87	17,44	17,00	16,56	16,13	15,72	15,38	15,04	14,70	14,35	14,01	13,62	13,23	12,82	12,41	11,99	11,56	19,91
11/06/2019 13:30:00	19,66	19,23	18,77	18,33	17,90	17,42	16,97	16,60	16,23	15,87	15,49	15,13	14,77	14,42	14,07	13,70	13,33	12,94	12,54	12,13	11,71	20,67
11/06/2019 13:35:00	19,57	19,21	18,79	18,36	17,93	17,48	17,04	16,67	16,27	15,87	15,48	15,11	14,74	14,38	14,02	13,65	13,27	12,86	12,45	12,03	11,60	19,93
11/06/2019 13:40:00	19,66	19,43	18,99	18,50	17,99	17,49	17,02	16,57	16,13	15,70	15,34	15,00	14,65	14,30	13,96	13,57	13,19	12,79	12,39	11,98	11,56	20,16
11/06/2019 13:45:00	19,99	19,51	19,05	18,59	18,11	17,65	17,20	16,81	16,41	16,00	15,68	15,36	15,05	14,72	14,39	14,02	13,65	13,25	12,86	12,44	12,02	20,63
11/06/2019 13:50:00	19,85	19,44	19,03	18,63	18,21	17,77	17,33	16,92	16,47	15,99	15,62	15,25	14,88	14,51	14,13	13,73	13,32	12,89	12,46	12,00	11,55	20,57
11/06/2019 13:55:00	19,83	19,55	19,12	18,67	18,22	17,80	17,39	16,98	16,57	16,16	15,76	15,37	14,99	14,62	14,25	13,87	13,48	13,07	12,65	12,21	11,78	20,34
11/06/2019 14:00:00	19,98	19,52	19,06	18,61	18,19	17,74	17,28	16,83	16,42	16,06	15,71	15,36	15,02	14,67	14,32	13,94	13,56	13,15	12,74	12,32	11,89	20,05
11/06/2019 14:05:00	20,05	19,67	19,29	18,90	18,40	18,01	17,63	17,19	16,79	16,42	15,97	15,55	15,12	14,73	14,34	13,94	13,55	13,13	12,71	12,27	11,82	20,31
11/06/2019 14:10:00	20,15	19,80	19,38	18,99	18,60	18,15	17,67	17,18	16,71	16,26	15,84	15,43	15,01	14,60	14,20	13,77	13,35	12,90	12,45	11,98	11,52	21,71
11/06/2019 14:15:00	20,35	19,87	19,42	18,95	18,46	18,04	17,62	17,12	16,65	16,22	15,83	15,45	15,08	14,70	14,32	13,92	13,52	13,09	12,66	12,21	11,77	21,45
11/06/2019 14:20:00	20,38	19,86	19,37	18,90	18,50	18,08	17,66	17,25	16,86	16,50	16,10	15,71	15,32	14,95	14,58	14,19	13,81	13,40	12,98	12,54	12,10	20,67
11/06/2019 14:25:00	20,43	19,77	19,28	18,86	18,51	18,08	17,63	17,20	16,78	16,35	15,99	15,62	15,26	14,89	14,52	14,11	13,71	13,28	12,84	12,38	11,92	21,62
11/06/2019 14:30:00	20,48	19,95	19,43	18,92	18,43	17,97	17,51	17,04	16,65	16,35	15,99	15,65	15,30	14,97	14,63	14,27	13,90	13,51	13,11	12,70	12,29	21,64
11/06/2019 14:35:00	20,60	20,09	19,58	19,06	18,56	18,11	17,68	17,25	16,84	16,45	16,07	15,72	15,36	15,01	14,66	14,29	13,91	13,51	13,10	12,67	12,24	22,12
11/06/2019 14:40:00	20,68	20,11	19,62	19,15	18,67	18,22	17,79	17,41	17,02	16,63	16,24	15,87	15,50	15,14	14,79	14,41	14,03	13,62	13,21	12,77	12,33	21,66
11/06/2019 14:45:00	20,59	20,16	19,80	19,41	18,90	18,44	17,97	17,46	16,97	16,51	16,15	15,79	15,44	15,07	14,69	14,28	13,86	13,43	12,99	12,54	12,09	21,55
11/06/2019 14:50:00	20,82	20,19	19,72	19,26	18,80	18,34	17,88	17,42	17,00	16,60	16,24	15,89	15,54	15,19	14,84	14,45	14,06	13,64	13,22	12,78	12,34	22,40
11/06/2019 14:55:00	20,52	20,13	19,63	19,15	18,71	18,25	17,78	17,35	17,00	16,73	16,34	15,98	15,62	15,27	14,93	14,57	14,21	13,82	13,42	13,00	12,59	21,44
11/06/2019 15:00:00	20,53	20,25	19,79	19,30	18,78	18,31	17,88	17,50	17,11	16,74	16,39	16,06	15,73	15,40	15,07	14,71	14,35	13,95	13,55	13,13	12,72	21,77
11/06/2019 15:05:00	20,52	20,25	19,82	19,35	18,85	18,40	17,95	17,50	17,06	16,66	16,25	15,86	15,48	15,11	14,73	14,34	13,95	13,52	13,10	12,66	12,22	21,09
11/06/2019 15:10:00	20,80	20,33	19,87	19,42	19,00	18,55	18,10	17,67	17,27	16,89	16,51	16,14	15,77	15,41	15,05	14,66	14,27	13,85	13,43	12,98	12,54	21,57
11/06/2019 15:15:00	21,11	20,58	20,02	19,52	19,11	18,73	18,35	17,87	17,43	17,01	16,66	16,32	15,98	15,62	15,27	14,87	14,47	14,02	13,58	13,11	12,64	22,57
11/06/2019 15:20:00	20,96	20,60	20,20	19,74	19,17	18,64	18,14	17,69	17,26	16,85	16,43	16,04	15,65	15,28	14,90	14,51	14,12	13,71	13,29	12,87	12,44	22,51
11/06/2019 15:25:00	21,01	20,52	20,11	19,71	19,28	18,91	18,54	18,11	17,67	17,22	16,84	16,46	16,08	15,71	15,33	14,92	14,51	14,06	13,61	13,13	12,66	21,82
11/06/2019 15:30:00	21,28	20,78	20,40	19,97	19,41	18,92	18,48	18,06	17,63	17,19	16,77	16,37	15,97	15,59	15,21	14,81	14,41	13,98	13,55	13,10	12,66	23,16
11/06/2019 15:35:00	21,35	20,65	20,16	19,70	19,21	18,71	18,23	17,82	17,44	17,08	16,73	16,40	16,06	15,72	15,38	15,01	14,64	14,23	13,82	13,39	12,97	23,09
11/06/2019 15:40:00	21,09	20,52	20,10	19,73	19,32	18,91	18,48	18,04	17,62	17,22	16,86	16,51	16,15	15,79	15,42	15,02	14,61	14,17	13,73	13,27	12,80	22,28
11/06/2019 15:45:00	21,21	20,69	20,18	19,68	19,25	18,78	18,32	17,95	17,54	17,10	16,73	16,38	16,02	15,67	15,32	14,93	14,54	14,11	13,69	13,23	12,78	21,85
11/06/2019 15:50:00	21,18	20,81	20,32	19,82	19,28	18,82	18,39	17,94	17,52	17,14	16,81	16,50	16,19	15,86	15,54	15,16	14,79	14,38	13,97	13,54	13,11	22,28
11/06/2019 15:55:00	20,91	20,63	20,23	19,81	19,36	18,91	18,47	18,04	17,62	17,20	16,82	16,46	16,09	15,73	15,37	14,97	14,57	14,14	13,70	13,25	12,80	21,61
11/06/2019 16:00:00	21,17	20,71	20,31	19,90	19,49	19,06	18,62	18,20	17,80	17,41	17,00	16,59	16,19	15,81	15,42	15,02	14,62	14,18	13,74	13,28	12,82	21,79
11/06/2019 16:05:00	21,28	20,84	20,39	19,95	19,50	19,06	18,64	18,24	17,83	17,42	17,01	16,62	16,23	15,85	15,47	15,08	14,68	14,24	13,81	13,35	12,89	22,35
11/06/2019 16:10:00	21,35	20,89	20,46	20,02	19,60	19,14	18,68	18,26	17,85	17,46	17,10	16,75	16,39	16,04	15,68	15,29	14,89	14,47	14,04	13,58	13,13	23,16
11/06/2019 16:15:00	21,10	20,83	20,46	20,07	19,68	19,22	18,76	18,39	17,99	17,59	17,16	16,75	16,33	15,94	15,55	15,15	14,75	14,31	13,87	13,40	12,94	21,99
11/06/2019 16:20:00	21,13	20,88	20,45	20,01	19,59	19,17	18,75	18,34	17,93	17,52	17,15	16,79	16,43	16,07	15,71	15,32	14,92	14,49	14,05	13,59	13,13	21,80
11/06/2019 16:25:00	21,25	20,96	20,57	20,15	19,69	19,26	18,83	18,37	17,93	17,50	17,12	16,74	16,37	16,00	15,62	15,21	14,81	14,36	13,92	13,46	12,99	21,98
11/06/2019 16:30:00	21,26	20,95	20,59	20,23	19,85	19,40	18,94	18,53	18,10	17,67	17,27	16,88	16,50	16,11	15,72	15,31	14,89	14,44	13,99	13,52	13,04	21,99
11/06/2019 16:35:00	21,27	20,99	20,66	20,30	19,86	19,42	18,97	18,52	18,10	17,71	17,31	16,91	16,52	16,13	15,75	15,34	14,93	14,48	14,04	13,58	13,11	21,78
11/06/2019 16:40:00	21,72	21,50	21,10	20,67	20,20	19,77	19,34	18,89	18,46	18,07	17,72	17,38	17,03	16,68	16,33	15,94	15,54	15,10	14,67	14,21	13,75	21,88
11/06/2019 16:45:00	21,95	21,61	21,21	20,78	20,31	19,83	19,37	18,96	18,56	18,18	17,81	17,46	17,10	16,75	16,39	16,00	15,61	15,18	14,75	14,29	13,84	22,13
11/06/2019 16:50:00	21,90	21,63	21,22	20,78	20,32	19,83	19,35	18,94	18,53	18,13	17,80	17,48	17,17	16,83	16,50	16,11	15,72	15,29	14,86	14,41	13,96	22,40
11/06/2019 16:55:00	21,78	21,55	21,17	20,75	20,28	19,84	19,42	18,97	18,56	18,20	17,81	17,43	17,05	16,68	16,31	15,91	15,52	15,08	14,64	14,19	13,73	22,01
11/06/2019 17:00:00	21,85	21,55	21,19	20,84	20,44	20,01	19,56	19,13	18,72	18,32	17,90	17,49	17,07	16,68	16,28	15,86	15,44	14,98	14,52	14,03	13,55	21,96
11/06/2019 17:05:00	22,15	21,73	21,29	20,85	20,42	19,96	19,49	19,06	18,65	18,27	17,92	17,57	17,23	16,87	16,52	16,13	15,73	15,29	14,85	14,39	13,93	22,49
11/06/2019 17:10:00	22,42	21,90	21,43	20,97	20,49	20,04	19,62	19,22	18,80	18,37	17,99	17,62	17,26	16,90	16,54	16,14	15,74	15,29	14,85	14,37	13,90	23,54
11/06/2019 17:15:00	22,22	21,81	21,35	20,89	20,47	20,03	19,57	19,08	18,66	18,32	17,92	17,52	17,12	16,74	16,36	15,95	15,55	15,10	14,66	14,19	13,71	23,12
11/06/2019 17:20:00	22,01	21,67	21,26	20,87	20,47	20,10	19,72	19,27	18,87	18,51	18,10	17,70	17,30	16,91	16,53	16,12	15,71	15,25	14,80	14,31	13,82	22,66
11/06/2019 17:25:00	22,07	21,83	21,44	21,01	20,55	20,12	19,70	19,26	18,82	18,38	18,03	17,70	17,36	17,01	16,66	16,25	15,84	15,39	14,94	14,47	13,99	21,98
11/06/2019 17:30:00	22,19	21,89	21,48	21,02	20,53	20,06	19,60	19,12	18,72	18,38	17,97	17,57	17,18	16,80	16,43	16,03	15,64	15,20	14,77	14,31	13,85	22,23
11/06/2019 17:35:00	22,18	22,09	21,68	21,22	20,76	20,31	19,88	19,46	19,08	18,74	18,38	18,04	17,70	17,35	17,01	16,63	16,25	15,82	15,39	14,94	14,48	22,24
11/06/2019 17:40:00	22,14	22,13	21,73	21,27	20,83	20,39	19,94	19,51	19,08	18,64	18,32	18,01	17,70	17,37	17,04	16,63	16,23	15,79	15,34	14,87	14,41	22,05
11/06/2019 17:45:00	22,60	22,23	21,76	21,28	20,79	20,35	19,94	19,51	19,08	18,67	18,36	18,06	17,77	17,44	17,12	16,73	16,34	15,90	15,46	15,00	14,53	22,50
11/06/2019 17:50:00	22,88	22,35	21,92	21,50	21,03	20,58	20,13	19,69	19,27	18,87	18,48	18,11	17,73	17,35	16,98	16,57	16,16	15,71	15,25	14,77	14,29	23,58
11/06/2019 17:55:00	22,70	22,30	21,80	21,30	20,84	20,39	19,94	19,50	19,09	18,72	18,39	18,07	17,75	17,42	17,09	16,70	16,31	15,88	15,44	14,98	14,52	23,38
11/06/2019 18:00:00	22,75	22,26	21,77	21,32	20,92	20,52	20,11	19,71	19,30	18,89	18,54	18,19	17,84	17,49	17,13	16,73	16,32	15,87	15,41	14,92	14,43	23,28
11/06/2019 18:05:00	22,79	22,27	21,81	21,36	20,89	20,43	19,96	19,49	19,10	18,80	18,44	18,09	17,73	17,37	17,02	16,64	16,25	15,82	15,39	14,93	14,47	23,20
11/06/2019 18:10:00	22,69	22,23	21,79	21,36	20,97	20,54	20,09	19,69	19,27	18,83	18,49	18,16	17,84	17,49	17,14	16,73	16,32	15,86	15,40	14,91	14,42	23,29
11/06/2019 18:15:00	22,62	22,19	21,77	21,36	20,92	20,47	20,04	19,63	19,25	18,90	18,54	18,19	17,84	17,49	17,14	16,75	16,36	15,92	15,48	15,01	14,54	22,80
11/06/2019 18:20:00	22,75	22,33	21,86	21,41	20,99	20,55	20,10	19,64	19,21	18,84	18,52	18,19	17,87	17,53	17,18	16,78	16,38	15,94	15,49	15,01	14,54	23,21
11/06/2019 18:25:00	22,63	22,43	22,07	21,68	21,23	20,76	20,27	19,84	19,41	19,01	18,57	18,14	17,72	17,31	16,91	16,49	16,07	15,60	15,14	14,65	14,16	23,23
11/06/2019 18:30:00	22,55	22,36	21,94	21,48	20,98	20,52	20,08	19,66	19,25	18,84	18,49	18,17	17,84	17,50	17,16	16,77	16,37	15,93	15,49	15,03	14,56	22,93
11/06/2019 18:35:00	22,72	22,27	21,92	21,58	21,19	20,77	20,34	19,92	19,51	19,13	18,71	18,29	17,88	17,47	17,07	16,65	16,23	15,76	15,29	14,79	14,29	23,26
11/06/2019 18:40:00	22,74	22,38	21,93	21,48	21,09	20,65	20,20	19,76	19,36	19,00	18,62	18,25	17,88	17,51	17,14	16,74	16,34	15,89	15,43	14,95	14,47	22,53
11/06/2019 18:45:00	22,74	22,44	22,04	21,62	21,20	20,76	20,30	19,82	19,39	19,04	18,62	18,20	17,79	17,39	16,99	16,58	16,16	15,70	15,24	14,76	14,27	23,11
11/06/2019 18:50:00	22,44	22,40	21,99	21,54	21,14	20,65	20,14	19,71	19,30	18,93	18,55	18,18	17,81	17,45	17,08	16,68	16,28	15,83	15,39	14,92	14,45	22,73
11/06/2019 18:55:00	22,41	22,25	21,95	21,60	21,14	20,68	20,23	19,86	19,44	18,99	18,60	18,22	17,85	17,48	17,10	16,68	16,27	15,81	15,35	14,87	14,38	22,53
11/06/2019 19:00:00	22,50	22,34	22,00	21,63	21,18	20,76	20,36	19,90	19,47	19,05	18,65	18,27	17,89	17,51	17,12	16,70	16,28	15,82	15,35	14,86	14,37	22,96
11/06/2019 19:05:00	22,53	22,27	21,93	21,60	21,26	20,88	20,47	20,03	19,60	19,20	18,80	18,41	18,01	17,61	17,22	16,79	16,36	15,88	15,40	14,89	14,38	22,33
11/06/2019 19:10:00	22,40	22,31	22,03	21,67	21,20	20,76	20,32	19,88	19,47	19,07	18,71	18,36	18,02	17,66	17,30	16,89	16,49	16,04	15,59	15,12	14,65	22,35
11/06/2019 19:15:00	22,43	22,13	21,75	21,36	20,92	20,52	20,14	19,75	19,37	19,00	18,64	18,29	17,95	17,59	17,24	16,85	16,45	16,01	15,56	15,09	14,61	22,82
11/06/2019 19:20:00	22,45	22,21	21,85	21,43	20,94	20,49	20,05	19,64	19,23	18,81	18,47	18,14	17,82	17,48	17,13	16,74	16,34	15,90	15,45	14,99	14,52	22,50
11/06/2019 19:25:00	22,26	22,17	21,78	21,33	20,89	20,49	20,10	19,62	19,18	18,77	18,45	18,14	17,82	17,49	17,15	16,74	16,34	15,89	15,44	14,96	14,48	22,13
11/06/2019 19:30:00	22,40	22,16	21,76	21,35	20,97	20,57	20,15	19,74	19,33	18,92	18,60	18,29	17,99	17,65	17,32	16,91	16,51	16,05	15,60	15,12	14,64	22,35
11/06/2019 19:35:00	22,66	22,22	21,81	21,41	21,01	20,59	20,17	19,77	19,37	18,97	18,64	18,31	17,98	17,64	17,29	16,89	16,49	16,04	15,58	15,10	14,62	23,13
11/06/2019 19:40:00	22,53	22,25	21,83	21,41	20,98	20,56	20,15	19,77	19,37	18,98	18,59	18,21	17,84	17,47	17,10	16,70	16,30	15,85	15,39	14,91	14,42	22,89
11/06/2019 19:45:00	22,24	22,13	21,78	21,38	20,96	20,53	20,10	19,68	19,29	18,95	18,57	18,20	17,83	17,47	17,10	16,71	16,31	15,87	15,43	14,96	14,49	22,34
11/06/2019 19:50:00	22,21	22,06	21,75	21,41	20,99	20,53	20,07	19,68	19,30	18,94	18,56	18,20	17,83	17,47	17,11	16,71	16,31	15,87	15,42	14,96	14,49	22,01
11/06/2019 19:55:00	22,34	22,10	21,71	21,28	20,85	20,43	20,01	19,55	19,14	18,80	18,46	18,12	17,78	17,44	17,09	16,70	16,31	15,87	15,43	14,96	14,49	22,29
11/06/2019 20:00:00	22,48	22,11	21,69	21,27	20,83	20,44	20,06	19,60	19,17	18,78	18,44	18,11	17,78	17,44	17,09	16,68	16,28	15,83	15,37	14,89	14,41	22,69
11/06/2019 20:05:00	22,65	22,35	21,96	21,57	21,16	20,79	20,43	20,06	19,65	19,22	18,82	18,44	18,06	17,68	17,30	16,88	16,47	16,00	15,53	15,03	14,52	22,79
11/06/2019 20:10:00	22,57	22,45	22,04	21,61	21,19	20,73	20,27	19,86	19,47	19,09	18,73	18,40	18,06	17,71	17,36	16,97	16,57	16,13	15,68	15,21	14,74	22,70
11/06/2019 20:15:00	22,62	22,37	21,99	21,58	21,14	20,69	20,25	19,83	19,43	19,05	18,68	18,31	17,95	17,59	17,23	16,82	16,42	15,97	15,53	15,05	14,57	22,57
11/06/2019 20:20:00	22,57	22,30	21,94	21,57	21,18	20,75	20,30	19,89	19,48	19,06	18,68	18,32	17,95	17,58	17,21	16,79	16,38	15,91	15,45	14,96	14,47	22,64
11/06/2019 20:25:00	22,45	22,34	21,92	21,47	21,06	20,61	20,16	19,79	19,39	18,97	18,62	18,30	17,97	17,63	17,28	16,89	16,49	16,04	15,59	15,11	14,64	22,23
11/06/2019 20:30:00	22,51	22,25	21,84	21,41	20,96	20,58	20,20	19,74	19,33	18,99	18,66	18,35	18,03	17,70	17,36	16,97	16,58	16,14	15,69	15,22	14,75	22,54
11/06/2019 20:35:00	22,42	22,07	21,72	21,36	20,89	20,49	20,11	19,71	19,32	18,94	18,60	18,26	17,93	17,58	17,23	16,84	16,44	16,00	15,56	15,08	14,61	22,44
11/06/2019 20:40:00	22,34	22,07	21,75	21,40	21,01	20,54	20,07	19,71	19,32	18,92	18,54	18,18	17,81	17,44	17,08	16,67	16,26	15,81	15,36	14,89	14,41	22,38
11/06/2019 20:45:00	22,31	22,00	21,64	21,26	20,84	20,43	20,03	19,61	19,20	18,80	18,46	18,12	17,79	17,43	17,08	16,68	16,27	15,82	15,37	14,89	14,41	22,32
11/06/2019 20:50:00	22,18	21,98	21,63	21,27	20,89	20,46	20,01	19,59	19,19	18,82	18,48	18,15	17,82	17,47	17,12	16,72	16,32	15,87	15,42	14,95	14,47	22,09
11/06/2019 20:55:00	22,23	21,96	21,60	21,22	20,81	20,37	19,94	19,57	19,21	18,85	18,51	18,19	17,87	17,54	17,20	16,82	16,43	15,99	15,56	15,10	14,64	22,06
11/06/2019 21:00:00	22,09	21,84	21,50	21,17	20,83	20,48	20,13	19,81	19,45	19,04	18,68	18,33	17,99	17,63	17,27	16,87	16,47	16,01	15,55	15,05	14,56	21,79
11/06/2019 21:05:00	22,00	21,79	21,52	21,20	20,79	20,39	20,00	19,66	19,30	18,94	18,58	18,22	17,87	17,51	17,16	16,77	16,38	15,94	15,49	15,03	14,56	21,69
11/06/2019 21:10:00	21,92	21,78	21,45	21,11	20,75	20,37	19,98	19,60	19,24	18,90	18,56	18,22	17,87	17,53	17,18	16,79	16,39	15,95	15,51	15,04	14,56	21,47
11/06/2019 21:15:00	21,56	21,32	20,98	20,65	20,31	19,99	19,64	19,24	18,88	18,57	18,29	18,00	17,70	17,39	17,07	16,68	16,30	15,86	15,43	14,96	14,49	21,50
11/06/2019 21:20:00	21,46	21,39	21,11	20,78	20,42	20,02	19,62	19,29	18,93	18,54	18,23	17,93	17,63	17,30	16,98	16,59	16,20	15,77	15,33	14,87	14,41	21,21
11/06/2019 21:25:00	21,40	21,32	21,10	20,82	20,46	20,07	19,69	19,36	18,99	18,60	18,27	17,94	17,61	17,27	16,93	16,53	16,13	15,69	15,24	14,77	14,30	21,32
11/06/2019 21:30:00	21,34	21,26	21,03	20,77	20,46	20,11	19,75	19,44	19,08	18,67	18,31	17,96	17,61	17,25	16,89	16,48	16,07	15,62	15,16	14,67	14,19	21,19
11/06/2019 21:35:00	21,33	21,23	20,94	20,61	20,25	19,92	19,58	19,23	18,89	18,58	18,29	18,00	17,71	17,40	17,09	16,71	16,34	15,92	15,49	15,04	14,58	21,04
11/06/2019 21:40:00	21,23	21,20	20,95	20,67	20,29	19,93	19,58	19,24	18,89	18,54	18,23	17,92	17,61	17,29	16,96	16,57	16,19	15,75	15,32	14,86	14,40	21,07
11/06/2019 21:45:00	21,09	21,13	20,91	20,64	20,28	19,94	19,61	19,28	18,94	18,61	18,28	17,96	17,64	17,31	16,98	16,59	16,21	15,78	15,34	14,88	14,42	20,87
11/06/2019 21:50:00	21,08	21,08	20,90	20,65	20,30	19,89	19,50	19,23	18,91	18,58	18,21	17,85	17,50	17,15	16,79	16,41	16,03	15,60	15,17	14,72	14,26	20,59
11/06/2019 21:55:00	20,79	20,96	20,75	20,46	20,08	19,75	19,42	19,03	18,67	18,33	17,99	17,67	17,34	17,00	16,66	16,27	15,89	15,45	15,02	14,56	14,10	20,73
11/06/2019 22:00:00	20,90	20,94	20,73	20,47	20,14	19,75	19,34	18,97	18,59	18,21	17,91	17,60	17,30	16,96	16,63	16,23	15,83	15,39	14,95	14,48	14,02	20,71
11/06/2019 22:05:00	20,76	20,78	20,64	20,44	20,10	19,74	19,38	19,02	18,68	18,35	18,04	17,73	17,42	17,08	16,75	16,36	15,97	15,54	15,11	14,65	14,19	20,71
11/06/2019 22:10:00	20,61	20,93	20,73	20,43	20,02	19,64	19,26	18,82	18,46	18,17	17,80	17,45	17,10	16,76	16,41	16,02	15,64	15,22	14,79	14,35	13,91	20,73
11/06/2019 22:15:00	20,64	20,83	20,60	20,30	19,98	19,65	19,31	18,95	18,60	18,25	17,91	17,59	17,26	16,92	16,58	16,19	15,80	15,37	14,94	14,47	14,01	20,61
11/06/2019 22:20:00	20,53	20,72	20,61	20,40	20,03	19,64	19,24	18,83	18,46	18,12	17,79	17,46	17,13	16,78	16,44	16,04	15,64	15,21	14,78	14,33	13,87	20,51
11/06/2019 22:25:00	20,40	20,78	20,63	20,39	20,04	19,67	19,27	18,84	18,46	18,12	17,80	17,49	17,17	16,83	16,49	16,10	15,70	15,26	14,83	14,38	13,92	20,23
11/06/2019 22:30:00	20,18	20,59	20,53	20,36	20,06	19,74	19,39	18,97	18,60	18,28	17,95	17,61	17,27	16,92	16,56	16,16	15,75	15,31	14,87	14,40	13,94	19,99
11/06/2019 22:35:00	20,24	20,59	20,51	20,32	20,04	19,68	19,29	18,91	18,56	18,25	17,89	17,54	17,19	16,83	16,47	16,07	15,67	15,24	14,80	14,34	13,88	20,16
11/06/2019 22:40:00	20,10	20,46	20,47	20,33	19,99	19,61	19,23	18,90	18,54	18,17	17,82	17,48	17,14	16,78	16,43	16,02	15,62	15,19	14,75	14,30	13,84	19,97
11/06/2019 22:45:00	19,96	20,40	20,35	20,17	19,82	19,51	19,18	18,79	18,44	18,12	17,78	17,46	17,13	16,79	16,44	16,05	15,66	15,23	14,79	14,34	13,89	19,81
11/06/2019 22:50:00	20,00	20,34	20,33	20,21	19,95	19,60	19,24	18,90	18,52	18,09	17,77	17,44	17,11	16,75	16,39	15,97	15,55	15,09	14,64	14,16	13,68	19,86
11/06/2019 22:55:00	19,93	20,27	20,26	20,10	19,70	19,40	19,10	18,68	18,34	18,05	17,76	17,47	17,17	16,85	16,53	16,15	15,77	15,35	14,93	14,49	14,05	19,89
11/06/2019 23:00:00	19,92	20,21	20,15	20,00	19,75	19,46	19,13	18,72	18,38	18,08	17,75	17,40	17,06	16,70	16,34	15,94	15,54	15,10	14,66	14,20	13,73	19,96
11/06/2019 23:05:00	19,87	20,24	20,15	19,93	19,58	19,28	18,94	18,49	18,12	17,80	17,55	17,28	17,02	16,71	16,40	16,02	15,63	15,21	14,78	14,34	13,90	19,70
11/06/2019 23:10:00	19,90	20,29	20,21	20,02	19,72	19,42	19,08	18,64	18,26	17,94	17,64	17,33	17,03	16,69	16,35	15,95	15,55	15,12	14,68	14,22	13,77	19,80
11/06/2019 23:15:00	19,77	20,07	20,03	19,90	19,64	19,32	18,96	18,63	18,31	18,01	17,71	17,40	17,08	16,75	16,42	16,03	15,65	15,22	14,80	14,35	13,90	19,87
11/06/2019 23:20:00	19,63	20,04	20,00	19,84	19,54	19,21	18,88	18,60	18,29	17,97	17,69	17,41	17,13	16,83	16,52	16,15	15,78	15,36	14,95	14,51	14,08	19,66
11/06/2019 23:25:00	19,71	20,10	19,97	19,75	19,49	19,16	18,80	18,46	18,16	17,89	17,65	17,40	17,15	16,86	16,57	16,21	15,85	15,44	15,04	14,61	14,18	19,57
11/06/2019 23:30:00	19,79	20,13	20,00	19,76	19,41	19,07	18,74	18,43	18,11	17,81	17,56	17,31	17,06	16,77	16,49	16,13	15,77	15,37	14,97	14,55	14,13	19,54
11/06/2019 23:35:00	19,75	20,25	20,06	19,78	19,50	19,18	18,85	18,51	18,20	17,92	17,66	17,40	17,15	16,86	16,57	16,21	15,85	15,45	15,04	14,61	14,18	19,71
11/06/2019 23:40:00	19,66	20,25	20,23	20,02	19,63	19,28	18,94	18,60	18,21	17,81	17,56	17,30	17,04	16,74	16,43	16,05	15,66	15,24	14,82	14,38	13,95	19,77
11/06/2019 23:45:00	19,58	20,05	20,03	19,89	19,65	19,36	19,04	18,69	18,39	18,12	17,78	17,45	17,12	16,78	16,44	16,06	15,67	15,25	14,82	14,37	13,92	19,51
11/06/2019 23:50:00	19,67	20,09	20,03	19,86	19,57	19,24	18,90	18,58	18,26	17,96	17,71	17,45	17,19	16,89	16,59	16,22	15,85	15,43	15,02	14,58	14,15	19,42
11/06/2019 23:55:00	19,57	20,03	19,99	19,84	19,54	19,26	18,98	18,72	18,41	18,07	17,77	17,47	17,17	16,85	16,53	16,16	15,78	15,36	14,93	14,48	14,03	19,62
