FileFormat:0002.2 file with temperature of atmosphere
SN105HE102
local	GMT or Local
0	GMT-Local=[hours]
0	Height[m]
0	0	0	Longitude                [grd]               [min]               [sec]
0	0	0	Latitude                [grd]               [min]               [sec]
N	NS
56,45	Freq[GHz]
0,00	dTemostat[K]
0,150	MessErr[K]
0,248	//[grad/step]
version 14.4.20120406
MTP5HE102F5645K-38.60I70D219217+A1.1
Commentary:
SN105HE102
парабола ДНА = 2,5 град
НЕ102 - ПУ - ХВБ с ЦСД " S "
АЦП - 202 - 09 с контр.U пит.и М
оптопара серии - 2
Т out № 178 пл
БП LPS - 112
End Of Commentary

SYSTEM\summer.dat
data time	0	50	100	150	200	250	300	350	400	450	500	550	600	650	700	750	800	850	900	950	1000	OutsideTemperature
13/06/2019 00:00:00	21,81	22,33	22,73	23,02	23,00	22,87	22,66	22,40	22,11	21,78	21,38	20,94	20,51	20,08	19,64	19,17	18,70	18,17	17,63	17,06	16,49	21,77
13/06/2019 00:05:00	21,77	22,28	22,66	22,93	22,92	22,81	22,62	22,36	22,07	21,74	21,38	20,98	20,58	20,17	19,76	19,29	18,82	18,30	17,77	17,20	16,62	21,56
13/06/2019 00:10:00	21,74	22,33	22,68	22,94	23,00	22,86	22,63	22,41	22,16	21,87	21,48	21,06	20,64	20,22	19,80	19,34	18,88	18,36	17,83	17,26	16,69	21,63
13/06/2019 00:15:00	21,70	22,22	22,61	22,89	22,90	22,85	22,68	22,36	22,06	21,78	21,41	21,00	20,59	20,17	19,75	19,28	18,82	18,28	17,75	17,18	16,60	21,63
13/06/2019 00:20:00	21,71	22,24	22,66	22,96	22,96	22,88	22,70	22,41	22,08	21,73	21,38	21,00	20,61	20,20	19,79	19,31	18,83	18,29	17,75	17,17	16,58	21,21
13/06/2019 00:25:00	21,69	22,25	22,66	22,96	23,01	22,91	22,71	22,46	22,19	21,88	21,47	21,03	20,59	20,15	19,71	19,24	18,76	18,23	17,69	17,11	16,53	21,24
13/06/2019 00:30:00	21,57	22,18	22,64	22,95	22,95	22,89	22,75	22,52	22,25	21,93	21,56	21,16	20,76	20,35	19,94	19,48	19,02	18,49	17,96	17,39	16,82	21,26
13/06/2019 00:35:00	21,59	22,14	22,61	22,96	22,95	22,89	22,75	22,52	22,26	21,96	21,60	21,20	20,79	20,38	19,97	19,51	19,05	18,52	17,99	17,42	16,85	21,30
13/06/2019 00:40:00	21,34	21,81	22,20	22,53	22,64	22,59	22,43	22,28	22,02	21,67	21,31	20,91	20,51	20,10	19,68	19,21	18,75	18,21	17,67	17,08	16,50	21,24
13/06/2019 00:45:00	21,25	21,80	22,24	22,58	22,65	22,63	22,51	22,28	22,02	21,71	21,39	21,02	20,64	20,25	19,85	19,38	18,92	18,39	17,86	17,28	16,70	21,21
13/06/2019 00:50:00	21,30	21,79	22,18	22,49	22,51	22,45	22,32	22,14	21,85	21,47	21,11	20,72	20,33	19,92	19,51	19,04	18,57	18,03	17,49	16,91	16,33	21,33
13/06/2019 00:55:00	21,11	21,59	22,11	22,57	22,73	22,75	22,66	22,54	22,31	21,99	21,59	21,16	20,72	20,28	19,84	19,36	18,88	18,33	17,78	17,18	16,57	21,08
13/06/2019 01:00:00	21,08	21,45	22,09	22,64	22,76	22,77	22,67	22,52	22,30	22,01	21,64	21,21	20,79	20,35	19,92	19,44	18,97	18,42	17,88	17,29	16,70	21,02
13/06/2019 01:05:00	21,10	21,63	22,27	22,80	22,95	22,97	22,89	22,72	22,50	22,21	21,80	21,34	20,88	20,42	19,97	19,48	19,00	18,45	17,89	17,29	16,69	21,14
13/06/2019 01:10:00	21,09	21,30	21,78	22,25	22,48	22,58	22,55	22,44	22,26	22,01	21,65	21,23	20,81	20,39	19,96	19,50	19,04	18,49	17,95	17,34	16,73	20,97
13/06/2019 01:15:00	20,89	21,45	21,96	22,43	22,73	22,77	22,64	22,44	22,22	21,96	21,62	21,22	20,82	20,39	19,97	19,49	19,01	18,46	17,91	17,30	16,70	20,82
13/06/2019 01:20:00	20,87	21,45	22,05	22,56	22,77	22,84	22,78	22,61	22,38	22,10	21,73	21,31	20,89	20,46	20,03	19,54	19,06	18,51	17,95	17,35	16,74	20,73
13/06/2019 01:25:00	20,80	21,29	21,90	22,41	22,54	22,61	22,59	22,49	22,30	22,03	21,71	21,35	20,98	20,59	20,20	19,75	19,30	18,77	18,24	17,66	17,08	20,82
13/06/2019 01:30:00	20,78	21,17	21,81	22,38	22,59	22,71	22,72	22,56	22,34	22,05	21,70	21,28	20,87	20,44	20,01	19,52	19,04	18,48	17,92	17,31	16,69	20,84
13/06/2019 01:35:00	20,69	21,18	21,81	22,38	22,64	22,72	22,67	22,60	22,41	22,13	21,77	21,36	20,96	20,53	20,11	19,63	19,16	18,61	18,06	17,45	16,84	20,64
13/06/2019 01:40:00	20,57	21,17	21,91	22,57	22,81	22,92	22,90	22,75	22,49	22,13	21,76	21,33	20,89	20,44	19,98	19,47	18,95	18,37	17,79	17,16	16,52	20,56
13/06/2019 01:45:00	20,48	21,13	21,84	22,47	22,74	22,80	22,72	22,59	22,36	22,05	21,68	21,26	20,83	20,39	19,94	19,45	18,95	18,39	17,82	17,21	16,59	20,42
13/06/2019 01:50:00	20,47	20,90	21,64	22,36	22,68	22,89	22,97	22,89	22,69	22,39	21,98	21,51	21,04	20,57	20,10	19,59	19,08	18,50	17,91	17,26	16,60	20,42
13/06/2019 01:55:00	20,36	20,97	21,80	22,53	22,83	22,92	22,87	22,77	22,56	22,25	21,86	21,42	20,97	20,51	20,04	19,54	19,03	18,46	17,89	17,26	16,64	20,21
13/06/2019 02:00:00	20,29	21,02	21,75	22,36	22,59	22,64	22,58	22,47	22,27	21,99	21,64	21,24	20,83	20,41	19,99	19,51	19,03	18,49	17,95	17,35	16,76	20,33
13/06/2019 02:05:00	20,28	20,80	21,55	22,24	22,57	22,75	22,78	22,72	22,54	22,25	21,83	21,35	20,88	20,41	19,94	19,44	18,94	18,36	17,79	17,15	16,51	20,19
13/06/2019 02:10:00	20,26	20,64	21,43	22,17	22,50	22,66	22,68	22,59	22,41	22,16	21,72	21,23	20,73	20,25	19,77	19,26	18,76	18,19	17,62	16,98	16,35	20,06
13/06/2019 02:15:00	20,20	20,77	21,53	22,18	22,41	22,53	22,53	22,38	22,19	21,94	21,54	21,08	20,63	20,17	19,72	19,23	18,75	18,19	17,64	17,03	16,42	19,95
13/06/2019 02:20:00	20,13	20,61	21,37	22,04	22,33	22,43	22,37	22,19	21,98	21,72	21,38	20,96	20,55	20,11	19,67	19,18	18,68	18,13	17,57	16,97	16,36	20,03
13/06/2019 02:25:00	19,95	20,35	20,65	20,81	20,70	20,66	20,56	20,33	20,09	19,84	19,50	19,15	18,79	18,43	18,06	17,66	17,25	16,78	16,31	15,80	15,28	19,91
13/06/2019 02:30:00	19,47	19,59	19,70	19,81	19,89	19,90	19,85	19,75	19,65	19,55	19,35	19,12	18,88	18,61	18,34	18,00	17,66	17,23	16,81	16,33	15,85	19,22
13/06/2019 02:35:00	19,26	19,61	19,67	19,67	19,63	19,53	19,36	19,14	18,99	18,91	18,75	18,57	18,38	18,14	17,90	17,57	17,24	16,84	16,44	16,00	15,57	18,86
13/06/2019 02:40:00	19,25	19,39	19,33	19,27	19,21	19,15	19,05	18,93	18,83	18,77	18,68	18,56	18,44	18,26	18,07	17,77	17,48	17,10	16,73	16,31	15,89	18,68
13/06/2019 02:45:00	19,22	19,46	19,38	19,29	19,23	19,16	19,07	18,94	18,81	18,71	18,58	18,43	18,28	18,07	17,86	17,55	17,24	16,86	16,47	16,04	15,61	18,56
13/06/2019 02:50:00	19,17	19,42	19,43	19,40	19,29	19,18	19,06	18,97	18,83	18,69	18,56	18,41	18,25	18,04	17,83	17,52	17,21	16,83	16,44	16,02	15,59	18,83
13/06/2019 02:55:00	19,37	19,68	19,58	19,40	19,21	19,01	18,80	18,57	18,37	18,22	18,07	17,90	17,73	17,51	17,28	16,97	16,65	16,27	15,89	15,48	15,07	19,01
13/06/2019 03:00:00	19,19	19,56	19,55	19,46	19,33	19,21	19,04	18,79	18,57	18,39	18,20	18,00	17,79	17,53	17,27	16,92	16,58	16,17	15,77	15,33	14,89	19,02
13/06/2019 03:05:00	19,37	19,82	19,78	19,64	19,44	19,21	18,98	18,76	18,50	18,22	18,02	17,80	17,58	17,31	17,04	16,69	16,33	15,92	15,52	15,08	14,64	18,79
13/06/2019 03:10:00	19,38	19,91	19,80	19,59	19,35	19,07	18,80	18,61	18,36	18,11	17,93	17,75	17,57	17,34	17,10	16,77	16,44	16,06	15,67	15,26	14,84	19,05
13/06/2019 03:15:00	19,11	19,55	19,54	19,44	19,29	19,08	18,84	18,57	18,33	18,12	17,93	17,72	17,51	17,25	16,99	16,64	16,29	15,88	15,48	15,05	14,62	19,06
13/06/2019 03:20:00	19,16	19,58	19,56	19,47	19,31	19,09	18,86	18,67	18,45	18,24	18,00	17,76	17,53	17,25	16,98	16,63	16,28	15,88	15,48	15,04	14,61	18,95
13/06/2019 03:25:00	19,38	19,89	19,77	19,58	19,35	19,07	18,78	18,54	18,28	18,03	17,91	17,77	17,62	17,41	17,19	16,85	16,52	16,13	15,75	15,33	14,92	18,94
13/06/2019 03:30:00	19,45	19,88	19,85	19,72	19,55	19,32	19,06	18,80	18,54	18,30	18,08	17,85	17,62	17,35	17,07	16,71	16,36	15,95	15,54	15,10	14,66	19,31
13/06/2019 03:35:00	19,27	20,06	19,98	19,77	19,52	19,23	18,92	18,59	18,30	18,06	17,90	17,72	17,55	17,30	17,06	16,72	16,37	15,98	15,59	15,17	14,76	19,31
13/06/2019 03:40:00	19,55	20,03	19,90	19,66	19,37	19,10	18,85	18,58	18,34	18,14	17,94	17,75	17,55	17,31	17,07	16,74	16,42	16,03	15,65	15,25	14,84	19,27
13/06/2019 03:45:00	19,41	20,02	19,98	19,80	19,53	19,24	18,94	18,63	18,36	18,13	17,92	17,70	17,48	17,22	16,96	16,61	16,26	15,87	15,47	15,06	14,64	19,57
13/06/2019 03:50:00	19,14	19,92	19,90	19,73	19,44	19,13	18,82	18,55	18,31	18,12	17,90	17,68	17,47	17,21	16,96	16,63	16,30	15,92	15,55	15,15	14,75	19,02
13/06/2019 03:55:00	19,28	19,77	19,65	19,42	19,12	18,85	18,60	18,39	18,18	18,01	17,82	17,64	17,46	17,23	17,01	16,70	16,40	16,04	15,67	15,28	14,89	19,11
13/06/2019 04:00:00	19,13	19,75	19,74	19,60	19,38	19,14	18,89	18,66	18,43	18,22	18,05	17,86	17,67	17,43	17,19	16,86	16,53	16,14	15,75	15,34	14,93	18,77
13/06/2019 04:05:00	19,19	20,01	19,98	19,82	19,59	19,41	19,20	18,90	18,67	18,50	18,33	18,14	17,96	17,73	17,49	17,16	16,83	16,44	16,05	15,63	15,21	18,66
13/06/2019 04:10:00	18,98	19,72	19,71	19,56	19,34	19,11	18,87	18,65	18,42	18,20	18,01	17,82	17,63	17,39	17,15	16,81	16,48	16,09	15,71	15,29	14,88	19,06
13/06/2019 04:15:00	19,24	19,89	19,90	19,78	19,55	19,32	19,07	18,80	18,55	18,34	18,16	17,97	17,77	17,52	17,28	16,93	16,59	16,20	15,80	15,38	14,96	18,86
13/06/2019 04:20:00	19,30	20,06	20,00	19,75	19,36	19,11	18,88	18,60	18,32	18,09	17,94	17,79	17,64	17,43	17,22	16,90	16,58	16,20	15,83	15,44	15,04	18,96
13/06/2019 04:25:00	19,02	19,86	19,96	19,88	19,63	19,40	19,17	18,93	18,66	18,37	18,12	17,87	17,62	17,33	17,05	16,68	16,32	15,91	15,50	15,06	14,63	18,72
13/06/2019 04:30:00	19,04	19,62	19,72	19,67	19,45	19,21	18,95	18,71	18,50	18,31	18,12	17,92	17,71	17,46	17,21	16,87	16,53	16,14	15,76	15,35	14,93	18,71
13/06/2019 04:35:00	19,07	19,65	19,73	19,69	19,55	19,29	18,99	18,70	18,48	18,33	18,08	17,83	17,57	17,29	17,00	16,65	16,29	15,89	15,49	15,07	14,64	18,80
13/06/2019 04:40:00	19,11	19,81	19,92	19,87	19,63	19,31	18,99	18,72	18,42	18,12	17,86	17,59	17,32	17,02	16,72	16,34	15,96	15,55	15,13	14,70	14,26	18,87
13/06/2019 04:45:00	19,37	20,00	19,96	19,76	19,49	19,17	18,83	18,50	18,18	17,89	17,73	17,55	17,37	17,12	16,88	16,52	16,16	15,76	15,37	14,95	14,54	19,18
13/06/2019 04:50:00	19,36	20,10	20,08	19,85	19,43	19,02	18,62	18,21	17,89	17,64	17,44	17,23	17,02	16,77	16,51	16,17	15,82	15,44	15,07	14,68	14,30	18,99
13/06/2019 04:55:00	18,85	19,33	19,34	19,23	18,99	18,77	18,52	18,25	18,00	17,80	17,56	17,32	17,08	16,80	16,52	16,18	15,83	15,44	15,04	14,62	14,20	18,77
13/06/2019 05:00:00	18,64	19,07	19,07	18,96	18,71	18,55	18,37	18,14	17,95	17,81	17,76	17,68	17,60	17,43	17,25	16,95	16,65	16,29	15,94	15,55	15,17	18,31
13/06/2019 05:05:00	18,76	19,07	19,11	19,04	18,80	18,69	18,57	18,40	18,21	18,03	17,84	17,64	17,43	17,19	16,95	16,62	16,30	15,92	15,53	15,11	14,70	18,15
13/06/2019 05:10:00	18,64	18,94	18,92	18,77	18,44	18,18	17,94	17,72	17,52	17,36	17,15	16,95	16,75	16,51	16,27	15,96	15,65	15,29	14,94	14,56	14,17	18,26
13/06/2019 05:15:00	18,47	18,88	18,78	18,60	18,41	18,16	17,90	17,65	17,47	17,36	17,24	17,11	16,97	16,77	16,58	16,28	15,97	15,62	15,27	14,89	14,51	18,02
13/06/2019 05:20:00	18,31	18,62	18,49	18,34	18,19	18,02	17,81	17,57	17,40	17,30	17,20	17,07	16,95	16,76	16,56	16,26	15,96	15,60	15,24	14,85	14,47	17,82
13/06/2019 05:25:00	18,11	18,53	18,51	18,40	18,23	17,99	17,76	17,61	17,45	17,30	17,19	17,07	16,94	16,75	16,56	16,26	15,96	15,61	15,26	14,88	14,51	17,81
13/06/2019 05:30:00	17,91	18,33	18,37	18,31	18,10	17,98	17,82	17,58	17,43	17,35	17,24	17,10	16,96	16,76	16,56	16,27	15,97	15,61	15,26	14,88	14,50	17,44
13/06/2019 05:35:00	17,55	17,98	18,03	18,01	17,94	17,79	17,62	17,47	17,31	17,17	17,01	16,84	16,66	16,43	16,20	15,88	15,56	15,19	14,82	14,42	14,01	17,38
13/06/2019 05:40:00	17,70	17,97	18,10	18,17	18,09	17,98	17,84	17,69	17,54	17,42	17,28	17,11	16,94	16,71	16,48	16,16	15,84	15,46	15,09	14,68	14,27	17,51
13/06/2019 05:45:00	17,74	18,10	18,19	18,20	18,07	17,91	17,74	17,57	17,42	17,30	17,15	16,98	16,81	16,59	16,36	16,05	15,73	15,37	15,00	14,61	14,21	18,03
13/06/2019 05:50:00	17,73	18,01	18,09	18,12	18,07	17,94	17,78	17,63	17,51	17,42	17,26	17,08	16,91	16,68	16,45	16,14	15,82	15,46	15,09	14,68	14,28	17,69
13/06/2019 05:55:00	17,93	18,14	18,18	18,16	18,06	17,97	17,88	17,81	17,68	17,52	17,31	17,10	16,89	16,65	16,40	16,09	15,78	15,40	15,03	14,61	14,19	17,83
13/06/2019 06:00:00	17,87	18,03	18,17	18,25	18,17	18,02	17,83	17,66	17,53	17,42	17,24	17,04	16,83	16,58	16,33	16,01	15,68	15,31	14,93	14,52	14,11	17,96
13/06/2019 06:05:00	17,78	17,93	17,92	17,86	17,69	17,47	17,25	17,04	16,85	16,68	16,59	16,46	16,33	16,12	15,92	15,60	15,29	14,93	14,57	14,18	13,80	17,75
13/06/2019 06:10:00	17,42	17,55	17,64	17,68	17,58	17,49	17,40	17,32	17,15	16,94	16,77	16,58	16,39	16,14	15,90	15,57	15,24	14,86	14,48	14,06	13,64	17,26
13/06/2019 06:15:00	17,31	17,45	17,39	17,33	17,31	17,26	17,18	17,10	16,97	16,85	16,72	16,56	16,41	16,19	15,98	15,68	15,39	15,02	14,66	14,25	13,85	17,14
13/06/2019 06:20:00	17,02	17,22	17,30	17,34	17,29	17,27	17,18	17,02	16,87	16,74	16,66	16,52	16,39	16,18	15,97	15,65	15,33	14,96	14,59	14,18	13,77	17,05
13/06/2019 06:25:00	17,23	17,35	17,38	17,37	17,33	17,28	17,21	17,12	16,96	16,79	16,75	16,65	16,55	16,37	16,18	15,87	15,57	15,20	14,83	14,43	14,02	17,26
13/06/2019 06:30:00	17,44	17,31	17,32	17,33	17,29	17,25	17,20	17,13	17,02	16,90	16,79	16,64	16,48	16,28	16,07	15,77	15,47	15,10	14,74	14,33	13,92	17,71
13/06/2019 06:35:00	17,75	17,57	17,53	17,52	17,48	17,35	17,23	17,19	17,10	17,01	16,82	16,62	16,42	16,18	15,95	15,66	15,36	15,00	14,64	14,24	13,83	17,77
13/06/2019 06:40:00	17,70	17,60	17,54	17,47	17,34	17,26	17,16	17,00	16,86	16,75	16,60	16,43	16,26	16,04	15,82	15,51	15,21	14,85	14,49	14,09	13,69	17,69
13/06/2019 06:45:00	17,65	17,52	17,49	17,46	17,38	17,32	17,23	17,10	16,99	16,90	16,79	16,65	16,51	16,31	16,11	15,81	15,52	15,16	14,80	14,40	14,00	17,65
13/06/2019 06:50:00	17,72	17,66	17,60	17,59	17,61	17,53	17,43	17,35	17,23	17,11	17,03	16,90	16,77	16,57	16,37	16,07	15,77	15,39	15,02	14,61	14,19	17,53
13/06/2019 06:55:00	17,53	17,54	17,53	17,52	17,46	17,41	17,33	17,19	17,11	17,06	16,84	16,61	16,39	16,14	15,90	15,60	15,29	14,93	14,56	14,16	13,75	17,46
13/06/2019 07:00:00	17,56	17,97	18,03	18,02	17,96	17,78	17,60	17,48	17,32	17,17	17,02	16,85	16,67	16,44	16,22	15,90	15,58	15,22	14,85	14,45	14,05	17,54
13/06/2019 07:05:00	17,79	18,19	18,54	18,75	18,63	18,52	18,36	18,15	17,92	17,67	17,35	17,01	16,67	16,32	15,97	15,58	15,19	14,76	14,32	13,86	13,40	17,64
13/06/2019 07:10:00	17,80	18,17	18,12	17,99	17,79	17,52	17,28	17,12	16,95	16,81	16,73	16,62	16,52	16,34	16,16	15,87	15,58	15,24	14,90	14,54	14,18	17,89
13/06/2019 07:15:00	17,81	17,70	17,73	17,75	17,71	17,67	17,58	17,41	17,25	17,10	16,96	16,77	16,58	16,34	16,09	15,76	15,43	15,04	14,65	14,22	13,80	18,03
13/06/2019 07:20:00	17,66	17,58	17,62	17,68	17,69	17,65	17,57	17,50	17,42	17,35	17,11	16,88	16,64	16,38	16,12	15,81	15,50	15,12	14,74	14,32	13,90	17,92
13/06/2019 07:25:00	17,81	17,58	17,61	17,67	17,68	17,66	17,61	17,53	17,39	17,22	17,16	17,03	16,90	16,69	16,48	16,16	15,84	15,45	15,07	14,63	14,20	18,10
13/06/2019 07:30:00	17,88	18,26	18,42	18,51	18,51	18,47	18,38	18,26	18,03	17,74	17,54	17,29	17,05	16,75	16,46	16,09	15,71	15,28	14,85	14,38	13,91	17,84
13/06/2019 07:35:00	17,65	17,92	18,14	18,29	18,28	18,24	18,19	18,15	18,02	17,86	17,69	17,49	17,29	17,04	16,79	16,46	16,13	15,74	15,35	14,91	14,48	18,10
13/06/2019 07:40:00	17,51	17,72	18,05	18,36	18,53	18,58	18,55	18,49	18,31	18,06	17,84	17,56	17,28	16,95	16,63	16,23	15,84	15,39	14,93	14,43	13,93	17,61
13/06/2019 07:45:00	17,60	17,73	18,10	18,41	18,47	18,44	18,36	18,29	18,13	17,92	17,65	17,35	17,04	16,71	16,39	16,00	15,62	15,19	14,76	14,28	13,81	17,71
13/06/2019 07:50:00	17,71	18,20	18,32	18,26	17,95	17,66	17,38	17,15	16,91	16,68	16,42	16,16	15,90	15,62	15,34	15,00	14,66	14,30	13,93	13,54	13,16	17,49
13/06/2019 07:55:00	17,99	18,06	17,83	17,60	17,38	17,21	17,05	16,87	16,72	16,62	16,51	16,40	16,29	16,11	15,93	15,66	15,39	15,05	14,71	14,34	13,97	17,61
13/06/2019 08:00:00	17,80	17,76	17,77	17,72	17,55	17,39	17,24	17,11	16,94	16,77	16,57	16,36	16,15	15,90	15,66	15,34	15,02	14,66	14,29	13,89	13,49	18,04
13/06/2019 08:05:00	18,02	17,68	17,60	17,54	17,39	17,28	17,15	17,01	16,88	16,77	16,68	16,54	16,41	16,21	16,02	15,72	15,43	15,08	14,72	14,33	13,94	17,97
13/06/2019 08:10:00	18,03	17,71	17,56	17,48	17,45	17,43	17,37	17,25	17,14	17,05	16,97	16,84	16,71	16,52	16,32	16,03	15,73	15,37	15,00	14,59	14,17	17,99
13/06/2019 08:15:00	18,04	17,76	17,59	17,47	17,39	17,30	17,17	17,00	16,91	16,87	16,73	16,57	16,41	16,21	16,00	15,72	15,43	15,08	14,73	14,34	13,94	18,09
13/06/2019 08:20:00	18,29	18,04	17,98	17,95	17,88	17,77	17,64	17,53	17,43	17,35	17,13	16,91	16,68	16,44	16,19	15,88	15,57	15,20	14,83	14,42	14,00	18,18
13/06/2019 08:25:00	18,39	18,10	17,89	17,71	17,51	17,38	17,26	17,13	17,03	16,95	16,82	16,68	16,54	16,36	16,17	15,90	15,63	15,29	14,95	14,57	14,19	18,42
13/06/2019 08:30:00	18,49	18,35	18,07	17,83	17,67	17,49	17,29	17,12	17,00	16,93	16,87	16,78	16,69	16,54	16,38	16,11	15,84	15,51	15,17	14,80	14,43	18,42
13/06/2019 08:35:00	18,45	18,07	17,82	17,65	17,56	17,43	17,29	17,15	17,05	17,01	16,84	16,67	16,49	16,28	16,07	15,79	15,50	15,15	14,80	14,41	14,01	18,67
13/06/2019 08:40:00	18,45	18,11	17,83	17,64	17,59	17,54	17,43	17,26	17,09	16,95	16,81	16,64	16,47	16,25	16,02	15,71	15,40	15,02	14,64	14,21	13,78	18,57
13/06/2019 08:45:00	18,63	18,20	17,91	17,69	17,54	17,40	17,25	17,10	16,92	16,76	16,68	16,57	16,45	16,27	16,08	15,79	15,49	15,14	14,78	14,38	13,98	18,76
13/06/2019 08:50:00	18,74	18,39	18,23	18,08	17,87	17,75	17,61	17,43	17,23	17,05	16,91	16,73	16,56	16,33	16,10	15,79	15,47	15,10	14,72	14,31	13,90	18,74
13/06/2019 08:55:00	18,77	18,56	18,34	18,17	18,07	17,90	17,71	17,51	17,34	17,22	17,06	16,88	16,70	16,48	16,25	15,94	15,63	15,25	14,88	14,47	14,06	18,82
13/06/2019 09:00:00	19,13	18,78	18,47	18,19	17,97	17,76	17,54	17,35	17,18	17,06	16,96	16,85	16,73	16,55	16,37	16,08	15,80	15,45	15,10	14,72	14,34	19,56
13/06/2019 09:05:00	19,19	18,54	18,23	18,00	17,85	17,74	17,62	17,49	17,31	17,10	16,97	16,81	16,65	16,43	16,21	15,90	15,59	15,21	14,84	14,41	13,98	19,84
13/06/2019 09:10:00	19,28	18,64	18,36	18,17	18,03	17,97	17,87	17,69	17,51	17,35	17,18	16,99	16,80	16,56	16,32	16,00	15,68	15,29	14,91	14,47	14,03	19,59
13/06/2019 09:15:00	19,39	18,73	18,41	18,17	17,96	17,73	17,51	17,34	17,14	16,92	16,84	16,72	16,59	16,40	16,20	15,89	15,59	15,22	14,86	14,46	14,05	19,48
13/06/2019 09:20:00	19,24	18,72	18,45	18,24	18,09	17,88	17,66	17,51	17,32	17,12	16,99	16,83	16,67	16,45	16,23	15,91	15,60	15,23	14,85	14,44	14,02	19,34
13/06/2019 09:25:00	19,38	18,79	18,46	18,20	18,03	17,87	17,69	17,48	17,27	17,08	16,93	16,75	16,56	16,33	16,10	15,78	15,46	15,08	14,70	14,27	13,85	19,45
13/06/2019 09:30:00	19,45	18,66	18,25	17,92	17,69	17,46	17,25	17,09	17,00	16,98	16,88	16,76	16,64	16,48	16,31	16,06	15,81	15,50	15,18	14,82	14,46	19,87
13/06/2019 09:35:00	19,55	19,02	18,68	18,37	18,07	17,81	17,57	17,36	17,15	16,96	16,80	16,63	16,45	16,23	16,01	15,71	15,41	15,05	14,69	14,30	13,90	19,71
13/06/2019 09:40:00	19,57	19,06	18,68	18,34	18,02	17,79	17,58	17,36	17,17	17,03	16,85	16,66	16,48	16,26	16,04	15,74	15,45	15,10	14,75	14,36	13,97	19,70
13/06/2019 09:45:00	19,28	18,88	18,56	18,26	17,93	17,65	17,39	17,15	16,95	16,79	16,68	16,55	16,42	16,23	16,04	15,75	15,46	15,11	14,77	14,40	14,03	19,36
13/06/2019 09:50:00	19,52	18,85	18,48	18,19	17,94	17,71	17,48	17,30	17,15	17,04	16,90	16,73	16,57	16,37	16,17	15,89	15,60	15,26	14,91	14,53	14,15	20,24
13/06/2019 09:55:00	19,69	19,04	18,61	18,27	18,05	17,78	17,52	17,33	17,14	16,96	16,85	16,71	16,57	16,38	16,18	15,88	15,59	15,23	14,87	14,48	14,08	20,08
13/06/2019 10:00:00	19,78	19,24	18,81	18,41	18,03	17,74	17,48	17,22	16,99	16,81	16,64	16,46	16,29	16,07	15,86	15,56	15,27	14,91	14,56	14,18	13,79	20,27
13/06/2019 10:05:00	19,81	19,27	18,85	18,49	18,15	17,88	17,63	17,42	17,22	17,05	16,84	16,63	16,43	16,19	15,96	15,67	15,37	15,01	14,65	14,26	13,87	20,25
13/06/2019 10:10:00	20,14	19,58	19,15	18,75	18,39	17,99	17,61	17,31	17,03	16,78	16,59	16,38	16,17	15,93	15,68	15,36	15,04	14,67	14,30	13,91	13,52	20,30
13/06/2019 10:15:00	20,14	19,74	19,35	18,96	18,53	18,10	17,70	17,39	17,05	16,71	16,45	16,18	15,92	15,64	15,35	15,00	14,66	14,27	13,88	13,47	13,07	20,79
13/06/2019 10:20:00	20,33	19,84	19,37	18,92	18,49	18,13	17,80	17,46	17,16	16,91	16,67	16,44	16,20	15,94	15,67	15,35	15,02	14,65	14,28	13,87	13,47	20,91
13/06/2019 10:25:00	20,57	20,12	19,63	19,13	18,66	18,24	17,86	17,55	17,21	16,85	16,63	16,41	16,19	15,94	15,68	15,34	15,01	14,63	14,25	13,85	13,44	21,13
13/06/2019 10:30:00	20,70	20,23	19,81	19,38	18,89	18,50	18,15	17,79	17,44	17,11	16,80	16,51	16,21	15,91	15,60	15,25	14,90	14,50	14,10	13,68	13,26	21,34
13/06/2019 10:35:00	21,14	20,53	19,97	19,46	19,07	18,72	18,37	18,01	17,71	17,48	17,25	17,03	16,80	16,54	16,28	15,96	15,63	15,25	14,87	14,45	14,04	21,50
13/06/2019 10:40:00	21,56	20,96	20,50	20,06	19,59	19,15	18,74	18,42	18,09	17,76	17,53	17,29	17,06	16,79	16,52	16,18	15,84	15,44	15,05	14,64	14,22	21,45
13/06/2019 10:45:00	21,52	21,07	20,64	20,19	19,74	19,31	18,90	18,53	18,18	17,86	17,58	17,30	17,03	16,73	16,44	16,08	15,73	15,32	14,92	14,49	14,07	21,76
13/06/2019 10:50:00	21,76	21,22	20,72	20,23	19,80	19,37	18,96	18,57	18,22	17,90	17,61	17,32	17,03	16,72	16,42	16,06	15,70	15,29	14,88	14,45	14,01	21,99
13/06/2019 10:55:00	21,77	21,28	20,82	20,41	20,05	19,61	19,17	18,85	18,52	18,20	17,88	17,57	17,27	16,95	16,63	16,26	15,89	15,47	15,06	14,61	14,16	21,70
13/06/2019 11:00:00	21,91	21,30	20,80	20,33	19,86	19,42	19,02	18,73	18,44	18,16	17,89	17,64	17,38	17,11	16,83	16,50	16,17	15,78	15,39	14,98	14,56	22,61
13/06/2019 11:05:00	22,11	21,53	21,04	20,58	20,13	19,68	19,24	18,88	18,52	18,17	17,89	17,61	17,33	17,03	16,72	16,36	15,99	15,58	15,17	14,72	14,28	22,17
13/06/2019 11:10:00	22,12	21,56	21,00	20,48	20,05	19,64	19,24	18,89	18,56	18,27	18,03	17,80	17,56	17,29	17,03	16,69	16,34	15,95	15,55	15,12	14,69	22,03
13/06/2019 11:15:00	22,11	21,46	20,99	20,56	20,14	19,73	19,33	18,96	18,68	18,50	18,21	17,90	17,60	17,30	17,00	16,66	16,33	15,94	15,54	15,12	14,70	22,16
13/06/2019 11:20:00	22,18	21,70	21,21	20,74	20,30	19,87	19,44	19,06	18,75	18,50	18,21	17,93	17,64	17,34	17,04	16,70	16,35	15,95	15,56	15,13	14,70	22,36
13/06/2019 11:25:00	22,41	21,85	21,31	20,78	20,24	19,79	19,39	19,02	18,69	18,40	18,20	18,00	17,80	17,56	17,32	16,99	16,67	16,28	15,90	15,49	15,08	22,53
13/06/2019 11:30:00	22,44	21,92	21,40	20,92	20,48	20,07	19,66	19,27	18,91	18,58	18,28	17,98	17,68	17,36	17,05	16,68	16,31	15,88	15,46	15,01	14,55	22,75
13/06/2019 11:35:00	22,49	21,95	21,42	20,89	20,41	20,01	19,63	19,24	18,90	18,64	18,39	18,14	17,88	17,61	17,34	16,99	16,65	16,26	15,86	15,43	15,00	22,74
13/06/2019 11:40:00	22,47	22,02	21,44	20,87	20,35	19,87	19,43	19,06	18,70	18,36	18,08	17,81	17,54	17,26	16,97	16,62	16,27	15,87	15,47	15,04	14,61	22,88
13/06/2019 11:45:00	22,76	22,19	21,68	21,16	20,61	20,11	19,64	19,20	18,83	18,54	18,23	17,92	17,61	17,30	16,98	16,63	16,27	15,87	15,46	15,03	14,60	23,32
13/06/2019 11:50:00	22,63	22,18	21,71	21,22	20,65	20,16	19,71	19,29	18,87	18,46	18,17	17,89	17,62	17,31	17,01	16,63	16,25	15,83	15,41	14,96	14,52	22,88
13/06/2019 11:55:00	22,78	22,32	21,79	21,27	20,75	20,30	19,87	19,38	18,97	18,65	18,41	18,17	17,93	17,65	17,37	17,00	16,64	16,22	15,81	15,37	14,93	23,05
13/06/2019 12:00:00	22,80	22,17	21,64	21,14	20,67	20,27	19,89	19,49	19,15	18,87	18,58	18,29	18,00	17,70	17,39	17,04	16,68	16,27	15,86	15,41	14,97	23,34
13/06/2019 12:05:00	22,79	22,27	21,77	21,24	20,66	20,14	19,66	19,24	18,85	18,50	18,25	18,01	17,77	17,50	17,22	16,87	16,51	16,11	15,71	15,29	14,87	23,21
13/06/2019 12:10:00	22,94	22,36	21,81	21,32	20,91	20,48	20,05	19,71	19,37	19,02	18,70	18,39	18,09	17,77	17,45	17,07	16,70	16,27	15,84	15,37	14,91	23,07
13/06/2019 12:15:00	22,91	22,37	21,83	21,33	20,84	20,42	20,04	19,68	19,33	19,00	18,77	18,55	18,32	18,06	17,79	17,44	17,09	16,68	16,27	15,82	15,38	23,60
13/06/2019 12:20:00	23,06	22,62	22,09	21,56	21,06	20,61	20,19	19,80	19,44	19,11	18,79	18,49	18,19	17,88	17,57	17,21	16,84	16,42	16,00	15,55	15,10	23,49
13/06/2019 12:25:00	23,31	22,56	21,97	21,44	21,00	20,57	20,15	19,74	19,35	18,99	18,69	18,41	18,12	17,81	17,50	17,12	16,74	16,30	15,87	15,40	14,93	23,83
13/06/2019 12:30:00	23,33	22,81	22,34	21,86	21,34	20,84	20,36	19,91	19,46	19,01	18,63	18,27	17,92	17,55	17,19	16,77	16,36	15,91	15,45	14,97	14,49	23,86
13/06/2019 12:35:00	23,38	22,73	22,16	21,61	21,06	20,57	20,13	19,75	19,40	19,08	18,82	18,57	18,32	18,05	17,77	17,42	17,08	16,67	16,27	15,84	15,40	23,93
13/06/2019 12:40:00	23,47	22,94	22,45	21,97	21,44	20,96	20,51	20,06	19,65	19,29	18,93	18,58	18,22	17,87	17,52	17,13	16,74	16,29	15,85	15,38	14,91	23,81
13/06/2019 12:45:00	23,63	22,94	22,42	21,90	21,38	20,89	20,43	19,98	19,59	19,26	18,93	18,60	18,27	17,93	17,60	17,22	16,84	16,42	15,99	15,53	15,07	24,39
13/06/2019 12:50:00	23,58	23,12	22,58	22,01	21,40	20,89	20,44	19,96	19,54	19,22	18,91	18,61	18,31	18,01	17,70	17,33	16,96	16,55	16,13	15,69	15,25	23,84
13/06/2019 12:55:00	23,74	23,15	22,56	22,01	21,56	21,17	20,80	20,39	20,00	19,65	19,31	18,97	18,63	18,29	17,95	17,56	17,18	16,72	16,27	15,78	15,30	24,07
13/06/2019 13:00:00	23,86	23,31	22,74	22,18	21,64	21,16	20,72	20,30	19,91	19,57	19,27	18,99	18,71	18,41	18,11	17,74	17,37	16,94	16,52	16,06	15,60	24,19
13/06/2019 13:05:00	23,85	23,23	22,74	22,29	21,83	21,37	20,92	20,52	20,15	19,84	19,49	19,14	18,79	18,44	18,09	17,70	17,32	16,88	16,43	15,96	15,48	24,48
13/06/2019 13:10:00	23,94	23,46	22,95	22,44	21,95	21,52	21,10	20,61	20,19	19,88	19,54	19,20	18,86	18,52	18,17	17,78	17,39	16,94	16,49	16,01	15,53	24,53
13/06/2019 13:15:00	24,10	23,70	23,16	22,62	22,11	21,61	21,13	20,62	20,17	19,81	19,48	19,16	18,83	18,49	18,16	17,76	17,36	16,91	16,46	15,98	15,51	24,81
13/06/2019 13:20:00	24,34	23,65	23,05	22,50	21,99	21,52	21,08	20,70	20,33	19,95	19,63	19,33	19,03	18,71	18,39	18,01	17,63	17,19	16,75	16,27	15,79	25,13
13/06/2019 13:25:00	24,11	23,72	23,27	22,80	22,28	21,80	21,35	20,90	20,47	20,05	19,67	19,30	18,93	18,56	18,20	17,78	17,37	16,90	16,44	15,94	15,44	24,93
13/06/2019 13:30:00	24,36	23,77	23,19	22,66	22,20	21,74	21,27	20,81	20,39	20,02	19,68	19,34	19,01	18,66	18,31	17,91	17,51	17,05	16,59	16,09	15,60	25,43
13/06/2019 13:35:00	24,28	23,76	23,30	22,85	22,35	21,87	21,40	20,97	20,55	20,14	19,73	19,33	18,93	18,55	18,16	17,74	17,32	16,85	16,38	15,88	15,37	24,43
13/06/2019 13:40:00	24,40	23,83	23,32	22,83	22,35	21,88	21,42	20,97	20,55	20,17	19,78	19,39	19,01	18,63	18,26	17,85	17,44	16,97	16,50	16,00	15,50	25,48
13/06/2019 13:45:00	24,34	23,82	23,28	22,76	22,24	21,76	21,32	20,88	20,49	20,16	19,79	19,43	19,07	18,72	18,36	17,97	17,59	17,14	16,69	16,21	15,73	25,71
13/06/2019 13:50:00	24,59	23,97	23,40	22,84	22,33	21,85	21,40	21,00	20,60	20,19	19,88	19,60	19,31	19,00	18,69	18,30	17,92	17,47	17,02	16,54	16,05	25,59
13/06/2019 13:55:00	24,66	23,95	23,39	22,88	22,37	21,94	21,55	21,13	20,74	20,39	20,05	19,73	19,41	19,07	18,74	18,35	17,96	17,51	17,05	16,56	16,07	25,61
13/06/2019 14:00:00	24,53	23,98	23,50	23,05	22,57	22,12	21,70	21,29	20,88	20,47	20,11	19,77	19,43	19,07	18,72	18,31	17,90	17,43	16,96	16,46	15,95	25,19
13/06/2019 14:05:00	24,70	24,04	23,52	23,03	22,57	22,09	21,60	21,19	20,79	20,41	20,05	19,70	19,35	18,99	18,64	18,23	17,83	17,36	16,90	16,40	15,91	25,21
13/06/2019 14:10:00	24,59	23,96	23,34	22,76	22,27	21,81	21,38	20,97	20,58	20,23	19,94	19,66	19,39	19,08	18,78	18,41	18,03	17,59	17,15	16,67	16,20	24,99
13/06/2019 14:15:00	24,59	24,01	23,45	22,92	22,39	21,88	21,39	20,99	20,62	20,29	19,97	19,66	19,35	19,03	18,71	18,34	17,96	17,53	17,09	16,62	16,16	25,28
13/06/2019 14:20:00	24,62	24,11	23,54	22,97	22,45	21,96	21,51	21,11	20,71	20,32	19,99	19,68	19,37	19,05	18,73	18,34	17,95	17,50	17,05	16,57	16,09	25,31
13/06/2019 14:25:00	24,79	24,18	23,63	23,12	22,63	22,19	21,77	21,33	20,92	20,55	20,18	19,81	19,44	19,08	18,72	18,31	17,91	17,44	16,97	16,46	15,95	25,74
13/06/2019 14:30:00	24,83	24,31	23,81	23,31	22,78	22,29	21,83	21,37	20,93	20,52	20,13	19,77	19,40	19,03	18,67	18,25	17,84	17,36	16,89	16,39	15,88	25,66
13/06/2019 14:35:00	24,84	24,33	23,82	23,33	22,82	22,37	21,95	21,53	21,12	20,71	20,34	19,98	19,63	19,26	18,90	18,50	18,09	17,61	17,14	16,63	16,13	25,33
13/06/2019 14:40:00	24,82	24,29	23,75	23,24	22,79	22,32	21,84	21,44	21,03	20,59	20,20	19,84	19,48	19,11	18,74	18,32	17,91	17,43	16,95	16,43	15,92	25,23
13/06/2019 14:45:00	24,74	24,30	23,81	23,32	22,80	22,32	21,86	21,40	20,99	20,63	20,26	19,90	19,53	19,17	18,80	18,40	18,00	17,54	17,07	16,58	16,09	25,23
13/06/2019 14:50:00	24,89	24,34	23,82	23,31	22,81	22,33	21,87	21,47	21,07	20,68	20,32	19,99	19,65	19,31	18,96	18,57	18,17	17,70	17,24	16,74	16,25	25,78
13/06/2019 14:55:00	24,97	24,31	23,77	23,29	22,88	22,49	22,09	21,66	21,23	20,81	20,44	20,10	19,75	19,39	19,03	18,60	18,18	17,69	17,19	16,66	16,13	25,83
13/06/2019 15:00:00	25,04	24,45	23,97	23,50	22,98	22,47	21,98	21,56	21,13	20,69	20,28	19,90	19,52	19,14	18,76	18,33	17,91	17,43	16,96	16,44	15,93	25,51
13/06/2019 15:05:00	24,68	24,31	23,80	23,28	22,77	22,30	21,85	21,41	20,99	20,62	20,25	19,89	19,53	19,17	18,81	18,41	18,01	17,54	17,08	16,58	16,08	25,25
13/06/2019 15:10:00	24,44	24,20	23,76	23,29	22,76	22,29	21,86	21,42	21,02	20,66	20,34	20,02	19,71	19,38	19,05	18,66	18,27	17,81	17,36	16,88	16,40	24,77
13/06/2019 15:15:00	24,37	24,18	23,78	23,35	22,90	22,45	21,99	21,56	21,14	20,74	20,38	20,03	19,69	19,33	18,97	18,55	18,14	17,66	17,19	16,69	16,18	24,63
13/06/2019 15:20:00	24,61	24,44	24,03	23,58	23,11	22,64	22,18	21,72	21,32	20,99	20,66	20,33	20,00	19,66	19,32	18,92	18,52	18,06	17,60	17,11	16,62	24,68
13/06/2019 15:25:00	24,58	24,35	23,97	23,58	23,19	22,78	22,36	21,93	21,52	21,15	20,79	20,43	20,08	19,71	19,34	18,92	18,50	18,01	17,53	17,01	16,49	24,59
13/06/2019 15:30:00	24,43	24,30	23,96	23,59	23,17	22,74	22,29	21,82	21,41	21,07	20,73	20,37	20,02	19,65	19,29	18,87	18,46	17,98	17,51	17,00	16,50	24,45
13/06/2019 15:35:00	24,44	24,34	23,94	23,51	23,14	22,73	22,28	21,88	21,49	21,12	20,75	20,40	20,04	19,68	19,32	18,90	18,49	18,00	17,52	17,01	16,49	24,44
13/06/2019 15:40:00	24,45	24,31	23,87	23,42	23,06	22,68	22,27	21,85	21,47	21,15	20,80	20,45	20,11	19,75	19,40	18,99	18,59	18,12	17,64	17,13	16,62	24,36
13/06/2019 15:45:00	24,36	24,19	23,87	23,53	23,16	22,74	22,29	21,88	21,47	21,08	20,75	20,43	20,10	19,76	19,41	18,98	18,56	18,08	17,59	17,08	16,56	24,35
13/06/2019 15:50:00	24,31	24,31	23,99	23,60	23,15	22,72	22,30	21,86	21,45	21,09	20,73	20,38	20,02	19,66	19,30	18,89	18,48	18,01	17,54	17,03	16,53	24,21
13/06/2019 15:55:00	24,34	24,15	23,78	23,41	23,03	22,64	22,24	21,89	21,54	21,22	20,88	20,55	20,21	19,87	19,52	19,13	18,73	18,26	17,79	17,29	16,78	24,27
13/06/2019 16:00:00	24,18	24,22	23,95	23,63	23,22	22,79	22,35	21,93	21,52	21,14	20,79	20,45	20,11	19,75	19,39	18,97	18,55	18,07	17,59	17,08	16,57	23,83
13/06/2019 16:05:00	24,26	24,17	23,88	23,54	23,16	22,71	22,24	21,79	21,40	21,08	20,76	20,42	20,09	19,74	19,39	18,98	18,57	18,11	17,64	17,14	16,65	24,09
13/06/2019 16:10:00	24,04	24,03	23,78	23,49	23,14	22,75	22,33	21,91	21,50	21,12	20,77	20,42	20,08	19,71	19,34	18,91	18,48	17,99	17,50	16,98	16,45	24,09
13/06/2019 16:15:00	24,00	23,99	23,76	23,49	23,13	22,75	22,36	22,03	21,65	21,20	20,84	20,50	20,16	19,80	19,43	19,00	18,57	18,08	17,59	17,06	16,53	23,94
13/06/2019 16:20:00	24,17	24,19	23,89	23,54	23,09	22,64	22,21	21,83	21,45	21,06	20,68	20,31	19,95	19,58	19,21	18,80	18,39	17,91	17,44	16,93	16,43	24,00
13/06/2019 16:25:00	24,04	23,97	23,66	23,35	22,97	22,59	22,21	21,85	21,48	21,10	20,73	20,37	20,01	19,64	19,27	18,85	18,43	17,95	17,47	16,94	16,42	23,88
13/06/2019 16:30:00	23,93	23,93	23,65	23,32	22,99	22,66	22,32	21,89	21,47	21,07	20,68	20,30	19,91	19,52	19,13	18,69	18,26	17,75	17,25	16,71	16,17	23,44
13/06/2019 16:35:00	23,91	23,90	23,62	23,26	22,83	22,41	22,00	21,66	21,30	20,92	20,58	20,26	19,94	19,61	19,27	18,87	18,47	18,01	17,55	17,05	16,56	23,23
13/06/2019 16:40:00	23,88	23,77	23,49	23,18	22,81	22,45	22,08	21,68	21,29	20,90	20,53	20,16	19,79	19,41	19,03	18,61	18,18	17,70	17,21	16,68	16,16	23,44
13/06/2019 16:45:00	23,58	23,65	23,44	23,15	22,78	22,41	22,04	21,65	21,25	20,84	20,54	20,25	19,96	19,63	19,30	18,88	18,46	17,98	17,51	17,00	16,49	23,24
13/06/2019 16:50:00	22,54	22,06	21,68	21,33	20,96	20,63	20,33	20,09	19,88	19,69	19,65	19,58	19,51	19,36	19,20	18,90	18,61	18,24	17,87	17,46	17,05	22,62
13/06/2019 16:55:00	21,81	21,88	21,86	21,79	21,58	21,39	21,21	21,02	20,85	20,72	20,54	20,33	20,12	19,87	19,62	19,29	18,95	18,54	18,13	17,67	17,21	21,36
13/06/2019 17:00:00	21,04	21,13	21,09	21,07	21,03	20,96	20,84	20,69	20,54	20,41	20,31	20,17	20,03	19,81	19,60	19,26	18,93	18,51	18,08	17,61	17,14	20,85
13/06/2019 17:05:00	20,14	20,14	20,13	20,13	20,08	20,03	19,93	19,79	19,73	19,74	19,92	20,02	20,11	20,06	20,00	19,74	19,47	19,12	18,78	18,39	17,99	19,55
13/06/2019 17:10:00	19,35	18,83	18,67	18,64	18,71	18,92	19,12	19,28	19,44	19,64	19,94	20,16	20,38	20,43	20,48	20,32	20,16	19,87	19,59	19,23	18,87	19,69
13/06/2019 17:15:00	19,20	20,33	20,97	21,42	21,45	21,40	21,31	21,24	20,95	20,52	20,04	19,56	19,08	18,61	18,15	17,67	17,19	16,66	16,12	15,55	14,97	18,05
13/06/2019 17:20:00	20,16	21,29	21,61	21,74	21,68	21,49	21,25	21,01	20,78	20,58	20,34	20,07	19,81	19,50	19,19	18,80	18,41	17,97	17,52	17,04	16,57	18,61
13/06/2019 17:25:00	19,97	20,95	21,13	21,16	21,00	20,81	20,56	20,24	19,98	19,77	19,58	19,37	19,16	18,88	18,61	18,23	17,85	17,42	16,99	16,53	16,07	19,25
13/06/2019 17:30:00	19,82	19,87	19,80	19,77	19,76	19,75	19,70	19,61	19,51	19,43	19,42	19,35	19,28	19,12	18,96	18,66	18,36	17,98	17,59	17,15	16,72	19,38
13/06/2019 17:35:00	19,15	18,87	18,88	19,00	19,22	19,34	19,40	19,44	19,47	19,51	19,50	19,42	19,35	19,20	19,04	18,76	18,48	18,10	17,72	17,27	16,83	18,47
13/06/2019 17:40:00	18,60	18,43	18,95	19,53	19,91	20,22	20,42	20,55	20,54	20,44	20,30	20,07	19,85	19,56	19,28	18,91	18,53	18,06	17,59	17,05	16,50	17,99
13/06/2019 17:45:00	18,98	19,01	19,33	19,63	19,82	19,92	19,96	19,98	19,90	19,77	19,70	19,56	19,42	19,20	18,97	18,63	18,28	17,85	17,42	16,94	16,45	18,39
13/06/2019 17:50:00	18,99	18,88	19,01	19,23	19,48	19,65	19,73	19,75	19,71	19,66	19,64	19,55	19,45	19,26	19,07	18,75	18,43	18,01	17,60	17,11	16,63	17,81
13/06/2019 17:55:00	18,57	18,29	18,64	19,12	19,51	19,80	19,97	20,05	20,12	20,18	20,09	19,92	19,76	19,53	19,30	18,97	18,64	18,21	17,78	17,28	16,77	17,71
13/06/2019 18:00:00	18,46	18,55	19,28	20,03	20,54	20,80	20,92	21,00	20,97	20,87	20,57	20,21	19,85	19,47	19,09	18,66	18,23	17,72	17,20	16,62	16,04	17,57
13/06/2019 18:05:00	18,18	18,67	19,53	20,32	20,73	21,02	21,15	21,14	21,09	21,00	20,71	20,36	20,01	19,63	19,26	18,82	18,39	17,88	17,38	16,80	16,23	17,54
13/06/2019 18:10:00	18,29	18,41	18,78	19,19	19,51	19,71	19,84	19,97	19,95	19,85	19,71	19,51	19,32	19,07	18,81	18,46	18,12	17,68	17,24	16,73	16,22	17,87
13/06/2019 18:15:00	18,24	18,29	19,00	19,68	19,98	20,12	20,13	20,03	19,86	19,61	19,14	18,62	18,10	17,61	17,12	16,64	16,15	15,62	15,08	14,49	13,89	17,84
13/06/2019 18:20:00	17,98	17,92	18,28	18,70	19,05	19,27	19,39	19,44	19,38	19,25	19,06	18,80	18,54	18,24	17,94	17,56	17,19	16,73	16,27	15,74	15,22	17,35
13/06/2019 18:25:00	17,63	17,94	18,49	18,96	19,11	19,26	19,32	19,29	19,13	18,91	18,66	18,35	18,04	17,70	17,35	16,95	16,54	16,08	15,61	15,09	14,57	17,39
13/06/2019 18:30:00	17,57	17,44	17,54	17,67	17,73	17,80	17,83	17,83	17,79	17,76	17,62	17,45	17,28	17,07	16,86	16,56	16,27	15,89	15,52	15,09	14,67	17,32
13/06/2019 18:35:00	17,46	17,25	17,19	17,19	17,20	17,21	17,21	17,18	17,04	16,87	16,82	16,72	16,62	16,43	16,24	15,93	15,63	15,25	14,88	14,45	14,03	17,37
13/06/2019 18:40:00	17,33	17,05	17,02	17,03	16,98	16,98	16,97	16,93	16,82	16,70	16,60	16,46	16,32	16,12	15,92	15,62	15,33	14,96	14,60	14,19	13,78	17,26
13/06/2019 18:45:00	17,02	16,97	16,85	16,73	16,64	16,45	16,26	16,15	16,01	15,89	15,82	15,71	15,61	15,43	15,25	14,97	14,69	14,35	14,02	13,65	13,29	16,85
13/06/2019 18:50:00	16,71	16,79	16,68	16,56	16,43	16,40	16,36	16,26	16,26	16,36	16,56	16,69	16,82	16,81	16,80	16,60	16,40	16,14	15,87	15,57	15,27	16,77
13/06/2019 18:55:00	16,73	16,74	16,61	16,49	16,39	16,27	16,18	16,16	16,13	16,14	16,19	16,20	16,22	16,14	16,05	15,83	15,61	15,32	15,03	14,71	14,38	16,60
13/06/2019 19:00:00	16,88	16,90	16,73	16,53	16,30	16,07	15,86	15,74	15,73	15,82	15,96	16,06	16,17	16,14	16,12	15,93	15,74	15,50	15,25	14,98	14,71	16,77
13/06/2019 19:05:00	16,82	16,82	16,65	16,46	16,26	16,16	16,05	15,93	15,89	15,93	16,05	16,12	16,19	16,14	16,09	15,88	15,67	15,40	15,13	14,83	14,52	16,71
13/06/2019 19:10:00	16,63	16,62	16,49	16,38	16,30	16,29	16,27	16,25	16,29	16,40	16,61	16,75	16,89	16,89	16,90	16,71	16,53	16,27	16,01	15,71	15,41	16,60
13/06/2019 19:15:00	16,56	16,43	16,24	16,08	16,00	15,94	15,92	15,97	16,02	16,13	16,31	16,44	16,57	16,57	16,57	16,40	16,23	15,98	15,73	15,44	15,15	16,67
13/06/2019 19:20:00	16,64	16,52	16,45	16,39	16,30	16,28	16,27	16,26	16,26	16,33	16,50	16,61	16,71	16,68	16,66	16,45	16,25	15,97	15,70	15,38	15,06	16,72
13/06/2019 19:25:00	16,66	16,66	16,48	16,33	16,24	16,16	16,06	15,99	15,96	15,99	16,04	16,06	16,08	16,00	15,92	15,70	15,47	15,18	14,89	14,57	14,24	16,82
13/06/2019 19:30:00	16,61	16,67	16,49	16,30	16,12	15,96	15,83	15,76	15,70	15,69	15,72	15,72	15,73	15,64	15,55	15,33	15,11	14,83	14,55	14,24	13,92	16,85
13/06/2019 19:35:00	16,85	16,83	16,74	16,64	16,50	16,37	16,27	16,24	16,20	16,21	16,28	16,31	16,34	16,26	16,18	15,96	15,74	15,46	15,17	14,85	14,54	16,77
13/06/2019 19:40:00	16,91	16,90	17,00	17,09	17,07	17,06	17,04	17,02	17,03	17,07	17,07	17,03	16,99	16,86	16,74	16,49	16,24	15,92	15,60	15,24	14,88	16,64
13/06/2019 19:45:00	16,90	16,87	17,03	17,22	17,38	17,59	17,77	17,91	18,02	18,14	18,24	18,29	18,33	18,27	18,20	17,98	17,76	17,45	17,13	16,75	16,37	16,72
13/06/2019 19:50:00	16,59	16,43	16,42	16,50	16,62	16,64	16,63	16,65	16,64	16,65	16,76	16,78	16,81	16,71	16,62	16,37	16,12	15,80	15,47	15,10	14,73	16,64
13/06/2019 19:55:00	16,53	16,50	16,72	16,95	17,11	17,22	17,29	17,35	17,33	17,29	17,30	17,24	17,18	17,02	16,86	16,58	16,30	15,94	15,58	15,17	14,76	16,47
13/06/2019 20:00:00	16,61	16,70	17,11	17,48	17,64	17,73	17,78	17,84	17,82	17,77	17,73	17,62	17,52	17,33	17,13	16,83	16,52	16,14	15,76	15,34	14,91	16,62
13/06/2019 20:05:00	16,56	16,49	16,47	16,59	16,90	17,05	17,11	17,13	17,15	17,18	17,17	17,10	17,03	16,88	16,72	16,45	16,17	15,81	15,44	15,02	14,60	16,60
13/06/2019 20:10:00	16,61	16,50	16,42	16,37	16,35	16,31	16,24	16,17	16,17	16,22	16,20	16,15	16,10	15,97	15,84	15,60	15,36	15,06	14,75	14,40	14,06	16,61
13/06/2019 20:15:00	16,51	16,32	16,39	16,57	16,82	17,06	17,22	17,33	17,35	17,35	17,35	17,29	17,24	17,09	16,94	16,67	16,40	16,03	15,67	15,24	14,81	16,55
13/06/2019 20:20:00	16,48	16,31	16,31	16,37	16,46	16,54	16,58	16,61	16,61	16,62	16,60	16,54	16,47	16,33	16,18	15,93	15,68	15,34	15,01	14,63	14,24	16,57
13/06/2019 20:25:00	16,37	16,38	16,38	16,43	16,50	16,49	16,47	16,46	16,40	16,34	16,35	16,30	16,25	16,10	15,96	15,69	15,41	15,07	14,73	14,35	13,97	16,45
13/06/2019 20:30:00	16,47	16,30	16,42	16,58	16,70	16,81	16,87	16,92	16,95	16,98	16,90	16,79	16,67	16,50	16,33	16,06	15,80	15,46	15,12	14,72	14,33	16,35
13/06/2019 20:35:00	16,45	16,27	16,27	16,36	16,51	16,60	16,62	16,61	16,63	16,69	16,67	16,61	16,54	16,40	16,25	16,00	15,74	15,41	15,07	14,68	14,30	16,45
13/06/2019 20:40:00	16,47	16,22	16,14	16,18	16,37	16,56	16,71	16,81	16,94	17,11	17,23	17,30	17,36	17,31	17,27	17,08	16,88	16,59	16,30	15,94	15,59	16,40
13/06/2019 20:45:00	16,45	16,21	16,30	16,52	16,79	17,06	17,25	17,37	17,50	17,64	17,72	17,74	17,76	17,67	17,58	17,36	17,13	16,80	16,47	16,07	15,68	16,59
13/06/2019 20:50:00	16,68	16,53	16,92	17,39	17,77	18,06	18,26	18,41	18,52	18,62	18,52	18,38	18,23	18,03	17,83	17,53	17,24	16,86	16,47	16,01	15,56	16,65
13/06/2019 20:55:00	16,63	16,49	17,01	17,54	17,86	18,04	18,13	18,18	18,15	18,08	17,98	17,79	17,60	17,34	17,09	16,73	16,38	15,96	15,53	15,05	14,57	16,65
13/06/2019 21:00:00	16,57	16,42	16,94	17,52	17,95	18,25	18,46	18,60	18,65	18,65	18,51	18,30	18,10	17,84	17,58	17,25	16,91	16,48	16,06	15,56	15,07	16,39
13/06/2019 21:05:00	16,67	16,53	17,33	18,17	18,71	19,16	19,44	19,58	19,61	19,55	19,33	19,02	18,71	18,37	18,03	17,63	17,23	16,74	16,25	15,69	15,12	16,61
13/06/2019 21:10:00	16,70	16,61	17,50	18,35	18,75	19,07	19,26	19,36	19,34	19,21	18,95	18,61	18,27	17,90	17,54	17,12	16,71	16,22	15,74	15,19	14,64	16,35
13/06/2019 21:15:00	16,29	16,10	16,72	17,39	17,87	18,16	18,35	18,49	18,47	18,35	18,13	17,83	17,53	17,20	16,86	16,48	16,09	15,62	15,16	14,62	14,09	16,27
13/06/2019 21:20:00	16,34	16,22	16,72	17,28	17,70	18,05	18,28	18,40	18,38	18,28	18,21	18,03	17,86	17,61	17,36	17,00	16,65	16,21	15,77	15,26	14,75	16,24
13/06/2019 21:25:00	16,35	16,24	16,87	17,52	17,96	18,24	18,42	18,51	18,48	18,36	18,13	17,82	17,52	17,18	16,85	16,46	16,07	15,60	15,14	14,61	14,08	16,29
13/06/2019 21:30:00	16,30	16,35	17,26	18,08	18,45	18,65	18,74	18,80	18,71	18,50	18,08	17,61	17,13	16,68	16,23	15,78	15,33	14,83	14,33	13,77	13,21	16,21
13/06/2019 21:35:00	16,34	16,45	17,21	17,91	18,27	18,41	18,43	18,43	18,28	18,03	17,62	17,17	16,71	16,26	15,81	15,36	14,90	14,40	13,90	13,34	12,78	16,31
13/06/2019 21:40:00	16,30	16,31	17,13	17,86	18,14	18,29	18,36	18,40	18,31	18,11	17,59	17,06	16,54	16,06	15,59	15,15	14,71	14,22	13,73	13,18	12,64	16,13
13/06/2019 21:45:00	16,04	16,13	16,52	16,95	17,30	17,53	17,66	17,71	17,61	17,43	17,15	16,82	16,49	16,14	15,79	15,41	15,03	14,57	14,12	13,60	13,08	16,21
13/06/2019 21:50:00	16,25	16,21	16,82	17,38	17,61	17,73	17,76	17,71	17,63	17,49	17,11	16,69	16,28	15,88	15,49	15,08	14,68	14,23	13,78	13,27	12,77	16,11
13/06/2019 21:55:00	16,11	16,27	17,03	17,69	17,95	18,09	18,13	18,11	17,93	17,64	17,34	16,96	16,58	16,18	15,78	15,34	14,89	14,41	13,92	13,38	12,85	16,09
13/06/2019 22:00:00	16,13	16,65	17,16	17,54	17,64	17,74	17,77	17,76	17,62	17,44	17,26	17,03	16,80	16,52	16,24	15,88	15,52	15,11	14,69	14,24	13,78	16,09
13/06/2019 22:05:00	16,67	17,66	17,64	17,52	17,33	17,16	16,95	16,67	16,44	16,25	16,02	15,79	15,57	15,31	15,05	14,72	14,39	14,02	13,65	13,26	12,86	16,42
13/06/2019 22:10:00	16,72	18,01	18,23	18,16	17,75	17,45	17,15	16,84	16,49	16,15	15,81	15,48	15,16	14,83	14,50	14,13	13,76	13,37	12,98	12,59	12,19	16,48
13/06/2019 22:15:00	16,71	17,56	17,94	18,15	18,10	17,91	17,64	17,31	16,99	16,66	16,25	15,83	15,41	14,99	14,58	14,14	13,70	13,24	12,78	12,31	11,84	16,52
13/06/2019 22:20:00	16,49	17,08	17,36	17,50	17,49	17,42	17,30	17,13	16,91	16,68	16,44	16,16	15,89	15,58	15,27	14,91	14,54	14,13	13,72	13,28	12,85	16,84
13/06/2019 22:25:00	16,55	16,99	17,09	17,13	17,12	16,99	16,83	16,69	16,51	16,32	16,08	15,82	15,56	15,28	15,00	14,65	14,31	13,93	13,54	13,12	12,70	16,86
13/06/2019 22:30:00	16,37	16,66	16,66	16,63	16,56	16,41	16,23	16,06	15,84	15,62	15,42	15,19	14,97	14,70	14,43	14,10	13,76	13,38	13,00	12,59	12,19	16,86
13/06/2019 22:35:00	16,33	16,52	16,55	16,53	16,41	16,21	15,98	15,72	15,47	15,24	15,02	14,78	14,53	14,24	13,96	13,61	13,25	12,87	12,49	12,09	11,69	16,55
13/06/2019 22:40:00	16,31	16,34	16,24	16,10	15,89	15,65	15,45	15,31	15,04	14,77	14,67	14,52	14,38	14,17	13,95	13,64	13,32	12,98	12,63	12,26	11,88	16,25
13/06/2019 22:45:00	16,06	16,08	15,92	15,78	15,68	15,58	15,43	15,22	15,12	15,08	15,00	14,89	14,79	14,62	14,45	14,18	13,91	13,59	13,28	12,93	12,58	16,00
13/06/2019 22:50:00	16,03	16,10	16,14	16,16	16,10	15,98	15,83	15,66	15,48	15,27	14,96	14,64	14,33	14,01	13,70	13,35	13,01	12,63	12,24	11,83	11,41	16,05
13/06/2019 22:55:00	15,89	15,83	15,70	15,63	15,63	15,51	15,31	15,07	14,95	14,87	14,69	14,48	14,27	14,03	13,79	13,48	13,18	12,83	12,48	12,10	11,72	15,90
13/06/2019 23:00:00	15,93	15,96	15,87	15,82	15,83	15,74	15,61	15,43	15,28	15,17	15,09	14,97	14,85	14,65	14,45	14,15	13,85	13,50	13,15	12,76	12,38	15,79
13/06/2019 23:05:00	16,07	16,02	15,98	15,94	15,93	15,81	15,64	15,44	15,26	15,09	14,91	14,70	14,49	14,24	13,98	13,65	13,33	12,96	12,59	12,19	11,79	15,89
13/06/2019 23:10:00	16,03	16,11	15,92	15,75	15,64	15,47	15,25	15,01	14,80	14,62	14,45	14,26	14,08	13,84	13,60	13,29	12,97	12,62	12,27	11,89	11,51	15,97
13/06/2019 23:15:00	16,09	16,16	16,01	15,85	15,70	15,51	15,30	15,08	14,89	14,72	14,51	14,30	14,08	13,83	13,59	13,28	12,97	12,62	12,28	11,91	11,53	16,14
13/06/2019 23:20:00	16,20	16,23	16,12	16,00	15,88	15,73	15,56	15,37	15,17	14,97	14,74	14,50	14,27	14,00	13,74	13,42	13,10	12,74	12,38	11,99	11,60	16,35
13/06/2019 23:25:00	16,24	16,35	16,17	15,97	15,75	15,58	15,38	15,17	14,98	14,82	14,68	14,53	14,37	14,17	13,96	13,67	13,38	13,05	12,72	12,37	12,02	16,34
13/06/2019 23:30:00	16,09	16,35	16,24	16,03	15,73	15,51	15,29	15,06	14,85	14,68	14,44	14,21	13,98	13,74	13,49	13,19	12,90	12,57	12,24	11,89	11,54	16,55
13/06/2019 23:35:00	16,05	16,15	15,98	15,75	15,49	15,25	15,04	14,89	14,66	14,44	14,34	14,22	14,09	13,90	13,71	13,43	13,14	12,82	12,50	12,16	11,82	16,55
13/06/2019 23:40:00	16,23	16,36	16,17	15,91	15,59	15,31	15,04	14,77	14,56	14,40	14,19	13,99	13,79	13,56	13,33	13,04	12,75	12,43	12,11	11,77	11,44	16,37
13/06/2019 23:45:00	16,13	16,40	16,25	16,01	15,68	15,40	15,13	14,86	14,58	14,31	14,14	13,96	13,77	13,53	13,30	12,98	12,67	12,33	11,99	11,64	11,29	16,19
13/06/2019 23:50:00	16,20	16,12	15,97	15,81	15,64	15,42	15,18	14,93	14,72	14,53	14,32	14,10	13,88	13,63	13,37	13,05	12,74	12,39	12,04	11,67	11,29	16,39
13/06/2019 23:55:00	16,18	16,22	15,93	15,65	15,43	15,20	14,94	14,65	14,45	14,29	14,07	13,85	13,64	13,40	13,15	12,85	12,56	12,22	11,89	11,54	11,18	16,37
