FileFormat:0002.2 file with temperature of atmosphere
SN105HE102
local	GMT or Local
0	GMT-Local=[hours]
0	Height[m]
0	0	0	Longitude                [grd]               [min]               [sec]
0	0	0	Latitude                [grd]               [min]               [sec]
N	NS
56,45	Freq[GHz]
0,00	dTemostat[K]
0,150	MessErr[K]
0,248	//[grad/step]
version 14.4.20120406
MTP5HE102F5645K-38.60I70D219217+A1.1
Commentary:
SN105HE102
парабола ДНА = 2,5 град
НЕ102 - ПУ - ХВБ с ЦСД " S "
АЦП - 202 - 09 с контр.U пит.и М
оптопара серии - 2
Т out № 178 пл
БП LPS - 112
End Of Commentary

SYSTEM\summer.dat
data time	0	50	100	150	200	250	300	350	400	450	500	550	600	650	700	750	800	850	900	950	1000	OutsideTemperature
23/06/2019 00:00:00	17,75	18,25	18,11	17,88	17,56	17,31	17,06	16,77	16,53	16,35	16,18	16,00	15,83	15,61	15,38	15,08	14,77	14,42	14,07	13,69	13,32	17,68
23/06/2019 00:05:00	17,72	18,19	17,94	17,61	17,27	16,92	16,61	16,36	16,09	15,86	15,68	15,50	15,33	15,10	14,88	14,58	14,28	13,94	13,59	13,23	12,87	17,77
23/06/2019 00:10:00	17,92	18,23	18,02	17,73	17,37	17,04	16,71	16,37	16,11	15,90	15,65	15,41	15,17	14,91	14,65	14,33	14,01	13,65	13,30	12,93	12,55	17,92
23/06/2019 00:15:00	17,96	18,25	18,00	17,68	17,33	16,97	16,64	16,37	16,13	15,93	15,70	15,49	15,28	15,04	14,81	14,50	14,20	13,85	13,51	13,15	12,79	18,14
23/06/2019 00:20:00	17,99	18,27	18,00	17,67	17,37	17,04	16,69	16,30	16,03	15,85	15,67	15,48	15,30	15,06	14,83	14,51	14,19	13,84	13,48	13,11	12,74	18,07
23/06/2019 00:25:00	18,10	18,25	17,97	17,65	17,29	17,01	16,72	16,41	16,16	15,97	15,79	15,61	15,43	15,20	14,98	14,67	14,37	14,02	13,67	13,31	12,94	18,15
23/06/2019 00:30:00	18,21	18,40	18,07	17,73	17,42	17,06	16,72	16,41	16,13	15,89	15,71	15,52	15,33	15,09	14,86	14,54	14,22	13,87	13,51	13,13	12,76	18,19
23/06/2019 00:35:00	17,93	18,26	18,06	17,77	17,38	17,04	16,72	16,41	16,13	15,90	15,67	15,46	15,24	14,99	14,74	14,42	14,10	13,75	13,40	13,03	12,66	18,49
23/06/2019 00:40:00	17,21	17,87	17,84	17,70	17,46	17,17	16,87	16,56	16,27	16,00	15,73	15,46	15,18	14,88	14,59	14,23	13,87	13,49	13,10	12,70	12,30	18,28
23/06/2019 00:45:00	16,21	16,55	16,90	17,16	17,23	17,13	16,97	16,83	16,64	16,42	16,09	15,74	15,39	15,04	14,68	14,29	13,91	13,49	13,07	12,61	12,16	16,44
23/06/2019 00:50:00	15,76	16,44	16,78	16,98	16,97	16,86	16,70	16,55	16,32	16,06	15,70	15,34	14,98	14,62	14,26	13,87	13,49	13,07	12,66	12,22	11,78	15,63
23/06/2019 00:55:00	15,79	16,77	17,16	17,32	17,21	17,01	16,77	16,51	16,26	16,00	15,67	15,33	14,99	14,64	14,29	13,91	13,53	13,12	12,72	12,31	11,89	15,23
23/06/2019 01:00:00	16,21	17,24	17,43	17,42	17,16	16,87	16,58	16,27	15,96	15,66	15,34	15,03	14,72	14,39	14,07	13,69	13,32	12,93	12,54	12,13	11,73	16,10
23/06/2019 01:05:00	16,53	17,18	17,31	17,30	17,09	16,91	16,66	16,29	15,97	15,69	15,45	15,18	14,92	14,61	14,30	13,92	13,54	13,14	12,73	12,32	11,90	16,61
23/06/2019 01:10:00	16,50	17,21	17,51	17,62	17,43	17,31	17,14	16,89	16,64	16,38	16,04	15,70	15,36	15,02	14,67	14,30	13,92	13,51	13,10	12,67	12,24	16,79
23/06/2019 01:15:00	16,30	16,49	16,66	16,75	16,67	16,60	16,46	16,27	16,07	15,87	15,62	15,35	15,07	14,77	14,47	14,12	13,77	13,38	12,99	12,57	12,15	16,70
23/06/2019 01:20:00	16,10	16,50	16,74	16,90	16,96	16,80	16,60	16,43	16,20	15,93	15,62	15,28	14,94	14,59	14,23	13,85	13,46	13,04	12,62	12,17	11,73	16,04
23/06/2019 01:25:00	16,07	16,36	16,58	16,73	16,72	16,65	16,52	16,35	16,11	15,84	15,61	15,34	15,07	14,76	14,45	14,07	13,69	13,28	12,87	12,42	11,98	16,04
23/06/2019 01:30:00	16,03	16,13	16,21	16,29	16,29	16,18	16,03	15,89	15,70	15,49	15,23	14,95	14,66	14,36	14,06	13,71	13,36	12,97	12,58	12,16	11,73	16,05
23/06/2019 01:35:00	16,08	16,03	16,04	16,01	15,92	15,85	15,77	15,66	15,59	15,55	15,57	15,54	15,50	15,37	15,25	14,99	14,73	14,42	14,11	13,77	13,43	16,14
23/06/2019 01:40:00	15,78	15,96	16,11	16,16	16,01	16,02	16,01	15,95	15,91	15,92	16,02	16,06	16,10	16,03	15,95	15,72	15,48	15,19	14,90	14,57	14,25	16,20
23/06/2019 01:45:00	15,92	16,35	16,44	16,43	16,29	16,23	16,15	16,05	15,94	15,87	15,81	15,73	15,65	15,49	15,33	15,06	14,79	14,47	14,15	13,80	13,45	15,32
23/06/2019 01:50:00	15,73	16,06	16,25	16,38	16,37	16,42	16,40	16,32	16,23	16,16	16,07	15,95	15,82	15,63	15,43	15,14	14,84	14,49	14,14	13,75	13,36	14,86
23/06/2019 01:55:00	15,41	15,68	15,82	15,87	15,76	15,70	15,64	15,58	15,48	15,38	15,27	15,13	14,99	14,80	14,61	14,33	14,05	13,73	13,40	13,04	12,69	14,82
23/06/2019 02:00:00	15,18	15,58	15,64	15,66	15,67	15,56	15,44	15,34	15,23	15,13	15,05	14,93	14,81	14,62	14,44	14,15	13,87	13,54	13,21	12,85	12,49	15,21
23/06/2019 02:05:00	15,36	15,87	15,98	16,01	15,96	15,89	15,79	15,65	15,54	15,45	15,30	15,14	14,98	14,76	14,55	14,26	13,96	13,62	13,29	12,92	12,55	15,28
23/06/2019 02:10:00	15,63	16,40	16,50	16,50	16,46	16,28	16,08	15,89	15,70	15,53	15,33	15,13	14,92	14,67	14,41	14,09	13,76	13,40	13,04	12,66	12,27	14,97
23/06/2019 02:15:00	15,80	16,51	16,63	16,63	16,51	16,37	16,19	15,95	15,73	15,54	15,41	15,24	15,07	14,84	14,60	14,27	13,95	13,58	13,22	12,83	12,45	15,41
23/06/2019 02:20:00	16,26	16,67	16,66	16,56	16,40	16,25	16,08	15,91	15,74	15,59	15,40	15,20	15,01	14,78	14,55	14,25	13,94	13,60	13,25	12,88	12,51	14,98
23/06/2019 02:25:00	16,23	16,67	16,65	16,57	16,42	16,25	16,06	15,85	15,62	15,42	15,40	15,32	15,23	15,05	14,87	14,56	14,25	13,90	13,56	13,19	12,81	15,35
23/06/2019 02:30:00	16,26	16,61	16,59	16,55	16,52	16,40	16,25	16,08	15,93	15,81	15,67	15,50	15,33	15,11	14,89	14,58	14,27	13,92	13,56	13,17	12,79	15,44
23/06/2019 02:35:00	15,96	16,52	16,56	16,53	16,45	16,31	16,16	16,03	15,88	15,74	15,58	15,40	15,23	15,00	14,78	14,48	14,18	13,83	13,49	13,11	12,74	14,94
23/06/2019 02:40:00	15,83	16,48	16,48	16,43	16,36	16,26	16,12	15,95	15,80	15,67	15,53	15,38	15,22	15,01	14,80	14,50	14,20	13,85	13,51	13,13	12,75	14,77
23/06/2019 02:45:00	15,71	16,30	16,43	16,46	16,40	16,30	16,17	16,01	15,83	15,66	15,52	15,35	15,19	14,96	14,73	14,41	14,09	13,73	13,37	12,98	12,59	14,75
23/06/2019 02:50:00	15,82	16,44	16,58	16,65	16,65	16,55	16,37	16,14	15,92	15,69	15,44	15,16	14,88	14,57	14,27	13,90	13,54	13,14	12,73	12,31	11,88	14,97
23/06/2019 02:55:00	15,13	15,66	15,89	16,01	15,96	15,88	15,76	15,63	15,49	15,35	15,17	14,96	14,76	14,51	14,27	13,95	13,63	13,28	12,92	12,54	12,16	15,05
23/06/2019 03:00:00	15,01	15,44	15,60	15,68	15,65	15,59	15,48	15,33	15,20	15,08	14,93	14,76	14,58	14,35	14,12	13,81	13,50	13,16	12,81	12,43	12,06	14,80
23/06/2019 03:05:00	14,93	15,47	15,63	15,67	15,53	15,51	15,46	15,35	15,14	14,94	14,85	14,71	14,58	14,37	14,16	13,86	13,55	13,20	12,85	12,48	12,10	14,66
23/06/2019 03:10:00	15,15	15,82	16,11	16,25	16,19	16,07	15,94	15,83	15,60	15,35	15,16	14,93	14,70	14,43	14,15	13,81	13,46	13,08	12,71	12,31	11,91	14,57
23/06/2019 03:15:00	15,08	15,85	15,98	15,98	15,84	15,67	15,49	15,30	15,15	15,02	14,83	14,64	14,45	14,21	13,98	13,68	13,38	13,05	12,71	12,36	12,01	15,08
23/06/2019 03:20:00	15,45	16,13	16,12	16,04	15,95	15,75	15,57	15,43	15,19	14,95	14,81	14,65	14,49	14,26	14,04	13,72	13,40	13,05	12,69	12,31	11,94	14,90
23/06/2019 03:25:00	16,04	16,47	16,28	16,03	15,73	15,40	15,12	14,89	14,67	14,50	14,42	14,32	14,22	14,05	13,88	13,60	13,33	13,02	12,72	12,40	12,08	15,12
23/06/2019 03:30:00	16,01	16,45	16,24	15,97	15,68	15,50	15,30	15,05	14,82	14,62	14,43	14,25	14,06	13,84	13,61	13,32	13,03	12,69	12,36	12,00	11,65	15,90
23/06/2019 03:35:00	16,18	16,47	16,21	15,87	15,46	15,19	14,94	14,70	14,48	14,31	14,23	14,15	14,06	13,91	13,75	13,49	13,23	12,94	12,64	12,33	12,02	15,42
23/06/2019 03:40:00	16,13	16,40	16,10	15,81	15,61	15,41	15,20	14,98	14,79	14,63	14,45	14,28	14,11	13,90	13,69	13,40	13,12	12,79	12,46	12,11	11,76	15,01
23/06/2019 03:45:00	15,88	16,42	16,22	15,93	15,59	15,31	15,07	14,85	14,57	14,32	14,24	14,15	14,05	13,87	13,69	13,41	13,12	12,80	12,48	12,14	11,81	14,85
23/06/2019 03:50:00	15,56	16,32	16,26	16,08	15,78	15,50	15,26	15,09	14,81	14,54	14,43	14,30	14,17	13,97	13,77	13,47	13,17	12,84	12,51	12,17	11,82	15,02
23/06/2019 03:55:00	15,25	16,05	15,97	15,76	15,42	15,15	14,87	14,54	14,26	14,03	13,87	13,70	13,53	13,30	13,08	12,77	12,45	12,12	11,79	11,45	11,11	14,95
23/06/2019 04:00:00	14,71	15,65	15,66	15,50	15,21	15,02	14,82	14,58	14,33	14,13	14,02	13,90	13,78	13,58	13,39	13,10	12,80	12,49	12,17	11,84	11,51	15,13
23/06/2019 04:05:00	15,18	15,88	15,78	15,56	15,25	15,05	14,84	14,60	14,37	14,16	13,95	13,76	13,56	13,33	13,10	12,81	12,52	12,19	11,87	11,53	11,19	15,31
23/06/2019 04:10:00	14,71	15,54	15,52	15,36	15,08	14,78	14,52	14,32	14,11	13,94	13,80	13,67	13,53	13,34	13,15	12,87	12,59	12,29	11,99	11,68	11,37	15,07
23/06/2019 04:15:00	14,75	15,57	15,71	15,71	15,55	15,33	15,09	14,84	14,60	14,37	14,12	13,86	13,60	13,31	13,03	12,69	12,35	11,99	11,64	11,27	10,90	14,97
23/06/2019 04:20:00	14,48	15,11	15,27	15,34	15,30	15,17	15,02	14,87	14,60	14,31	14,07	13,81	13,54	13,24	12,94	12,59	12,23	11,85	11,47	11,07	10,66	14,89
23/06/2019 04:25:00	14,49	15,21	15,41	15,47	15,39	15,22	15,03	14,85	14,59	14,33	14,14	13,92	13,69	13,42	13,15	12,80	12,45	12,09	11,72	11,33	10,95	14,33
23/06/2019 04:30:00	14,74	15,24	15,39	15,45	15,38	15,27	15,09	14,86	14,71	14,55	14,27	13,99	13,70	13,41	13,11	12,78	12,45	12,09	11,74	11,36	10,98	14,65
23/06/2019 04:35:00	14,63	15,31	15,37	15,35	15,28	15,24	15,13	14,94	14,73	14,53	14,32	14,10	13,88	13,62	13,36	13,03	12,71	12,35	11,99	11,60	11,22	14,88
23/06/2019 04:40:00	14,62	15,37	15,47	15,46	15,37	15,23	15,04	14,80	14,60	14,42	14,21	13,99	13,76	13,50	13,24	12,91	12,59	12,24	11,88	11,51	11,14	14,97
23/06/2019 04:45:00	14,44	15,09	15,22	15,25	15,21	15,12	14,98	14,80	14,61	14,44	14,35	14,21	14,07	13,85	13,64	13,32	13,01	12,66	12,32	11,95	11,58	14,77
23/06/2019 04:50:00	14,67	15,32	15,51	15,60	15,58	15,51	15,42	15,31	15,16	15,01	14,86	14,69	14,52	14,29	14,06	13,75	13,45	13,10	12,75	12,38	12,00	14,75
23/06/2019 04:55:00	14,82	15,62	15,83	15,94	15,95	15,84	15,68	15,50	15,33	15,16	14,95	14,71	14,48	14,21	13,94	13,60	13,27	12,90	12,53	12,14	11,75	14,76
23/06/2019 05:00:00	14,69	15,64	15,81	15,86	15,85	15,66	15,48	15,33	15,12	14,90	14,65	14,39	14,14	13,85	13,57	13,23	12,90	12,53	12,17	11,78	11,40	14,80
23/06/2019 05:05:00	14,72	15,58	15,81	15,91	15,88	15,75	15,59	15,46	15,30	15,13	14,90	14,66	14,43	14,16	13,89	13,57	13,24	12,89	12,53	12,15	11,78	14,83
23/06/2019 05:10:00	14,66	15,22	15,47	15,68	15,83	15,81	15,73	15,63	15,51	15,39	15,23	15,03	14,83	14,57	14,32	13,99	13,66	13,29	12,92	12,51	12,11	14,59
23/06/2019 05:15:00	14,84	15,59	15,86	16,01	16,01	15,88	15,73	15,61	15,39	15,17	14,95	14,71	14,47	14,19	13,91	13,56	13,21	12,84	12,46	12,06	11,66	14,87
23/06/2019 05:20:00	14,85	15,56	15,72	15,80	15,79	15,71	15,59	15,45	15,29	15,13	14,96	14,77	14,58	14,34	14,10	13,78	13,46	13,10	12,75	12,36	11,98	14,80
23/06/2019 05:25:00	15,15	15,82	15,96	15,97	15,84	15,73	15,60	15,45	15,23	15,01	14,82	14,61	14,39	14,14	13,89	13,56	13,24	12,88	12,52	12,14	11,76	15,05
23/06/2019 05:30:00	14,94	15,40	15,70	15,90	15,93	15,80	15,64	15,50	15,32	15,11	14,90	14,65	14,40	14,11	13,82	13,47	13,12	12,74	12,36	11,95	11,55	14,99
23/06/2019 05:35:00	14,83	15,19	15,45	15,62	15,63	15,65	15,60	15,50	15,36	15,19	14,96	14,71	14,46	14,18	13,90	13,56	13,23	12,86	12,49	12,08	11,67	14,69
23/06/2019 05:40:00	14,84	15,18	15,43	15,61	15,62	15,64	15,58	15,46	15,31	15,15	14,92	14,67	14,42	14,14	13,86	13,52	13,19	12,81	12,44	12,03	11,62	14,91
23/06/2019 05:45:00	14,90	15,11	15,38	15,62	15,74	15,70	15,66	15,66	15,48	15,26	15,08	14,84	14,61	14,33	14,05	13,70	13,36	12,97	12,58	12,16	11,73	14,78
23/06/2019 05:50:00	14,95	15,35	15,55	15,69	15,72	15,73	15,69	15,57	15,41	15,23	15,02	14,78	14,54	14,27	14,00	13,66	13,33	12,95	12,57	12,16	11,74	15,02
23/06/2019 05:55:00	14,95	15,32	15,44	15,50	15,51	15,44	15,33	15,20	15,04	14,86	14,66	14,44	14,22	13,96	13,70	13,38	13,05	12,69	12,33	11,94	11,54	14,90
23/06/2019 06:00:00	14,83	15,10	15,26	15,39	15,44	15,42	15,35	15,26	15,08	14,87	14,69	14,47	14,25	13,98	13,71	13,37	13,04	12,66	12,28	11,87	11,46	14,85
23/06/2019 06:05:00	14,92	15,15	15,23	15,28	15,27	15,17	15,07	14,97	14,83	14,68	14,48	14,26	14,04	13,79	13,53	13,23	12,92	12,57	12,22	11,84	11,46	14,99
23/06/2019 06:10:00	14,77	15,08	15,25	15,41	15,52	15,53	15,43	15,26	15,13	15,00	14,83	14,61	14,39	14,12	13,85	13,52	13,18	12,81	12,43	12,02	11,61	15,14
23/06/2019 06:15:00	15,06	15,39	15,49	15,56	15,56	15,53	15,49	15,44	15,25	15,04	14,87	14,67	14,48	14,23	13,98	13,66	13,34	12,97	12,60	12,20	11,80	15,09
23/06/2019 06:20:00	15,21	15,47	15,54	15,59	15,59	15,58	15,51	15,37	15,18	14,98	14,83	14,64	14,45	14,20	13,95	13,62	13,29	12,92	12,54	12,14	11,73	15,18
23/06/2019 06:25:00	15,26	15,11	15,10	15,10	15,06	15,02	14,95	14,84	14,70	14,56	14,39	14,20	14,01	13,77	13,54	13,24	12,93	12,59	12,24	11,86	11,48	15,15
23/06/2019 06:30:00	14,92	14,90	14,93	14,99	15,07	15,09	15,05	14,96	14,83	14,69	14,52	14,31	14,10	13,85	13,60	13,29	12,98	12,61	12,25	11,85	11,45	14,84
23/06/2019 06:35:00	14,81	14,92	14,96	14,99	14,98	14,94	14,87	14,79	14,61	14,44	14,34	14,19	14,04	13,83	13,62	13,31	13,00	12,66	12,31	11,92	11,54	14,79
23/06/2019 06:40:00	14,91	14,99	15,14	15,31	15,48	15,53	15,48	15,36	15,23	15,09	14,89	14,64	14,39	14,11	13,82	13,48	13,14	12,76	12,37	11,94	11,52	14,78
23/06/2019 06:45:00	14,84	15,19	15,47	15,68	15,75	15,73	15,64	15,51	15,35	15,14	14,83	14,50	14,18	13,84	13,51	13,15	12,79	12,39	12,00	11,57	11,15	14,95
23/06/2019 06:50:00	14,92	15,32	15,48	15,57	15,60	15,51	15,39	15,26	15,05	14,80	14,54	14,26	13,97	13,67	13,36	13,01	12,65	12,27	11,88	11,47	11,05	15,09
23/06/2019 06:55:00	14,85	14,90	14,96	15,03	15,09	15,17	15,13	14,95	14,86	14,76	14,53	14,27	14,02	13,75	13,47	13,15	12,84	12,47	12,11	11,70	11,30	14,78
23/06/2019 07:00:00	14,74	14,59	14,52	14,51	14,56	14,46	14,32	14,19	14,07	13,96	13,82	13,64	13,46	13,24	13,01	12,72	12,42	12,08	11,74	11,37	11,01	15,02
23/06/2019 07:05:00	14,53	14,37	14,32	14,32	14,35	14,38	14,34	14,25	14,17	14,10	13,96	13,80	13,64	13,43	13,22	12,95	12,67	12,34	12,01	11,64	11,27	14,82
23/06/2019 07:10:00	14,48	14,25	14,21	14,18	14,13	14,11	14,08	14,04	13,93	13,83	13,76	13,64	13,53	13,35	13,18	12,91	12,65	12,33	12,02	11,67	11,33	14,89
23/06/2019 07:15:00	14,97	14,63	14,66	14,72	14,75	14,70	14,62	14,53	14,43	14,33	14,16	13,97	13,77	13,53	13,30	13,00	12,70	12,36	12,01	11,63	11,26	15,02
23/06/2019 07:20:00	15,13	14,77	14,62	14,58	14,63	14,57	14,48	14,40	14,34	14,29	14,21	14,10	13,98	13,81	13,63	13,36	13,10	12,78	12,46	12,11	11,75	15,07
23/06/2019 07:25:00	15,28	15,02	14,97	14,90	14,77	14,68	14,58	14,47	14,32	14,18	14,05	13,89	13,73	13,52	13,31	13,03	12,74	12,42	12,10	11,74	11,38	15,44
23/06/2019 07:30:00	15,51	15,21	15,01	14,87	14,83	14,74	14,64	14,53	14,42	14,32	14,17	14,01	13,85	13,65	13,45	13,17	12,90	12,57	12,25	11,89	11,53	15,59
23/06/2019 07:35:00	15,66	15,34	15,13	14,96	14,83	14,69	14,54	14,39	14,23	14,10	13,99	13,85	13,71	13,51	13,32	13,04	12,76	12,44	12,12	11,76	11,41	15,68
23/06/2019 07:40:00	15,72	15,27	15,01	14,82	14,69	14,54	14,39	14,26	14,14	14,05	13,96	13,83	13,71	13,53	13,35	13,09	12,83	12,52	12,22	11,88	11,54	15,86
23/06/2019 07:45:00	15,74	15,25	14,90	14,68	14,61	14,52	14,45	14,41	14,28	14,13	14,04	13,92	13,81	13,63	13,45	13,19	12,93	12,62	12,30	11,94	11,58	15,79
23/06/2019 07:50:00	15,74	15,31	15,04	14,81	14,66	14,56	14,45	14,32	14,18	14,07	14,01	13,92	13,83	13,66	13,50	13,25	12,99	12,68	12,38	12,04	11,70	15,87
23/06/2019 07:55:00	16,01	15,52	15,23	15,02	14,88	14,74	14,60	14,45	14,28	14,13	14,05	13,93	13,82	13,63	13,45	13,17	12,90	12,57	12,25	11,89	11,54	15,96
23/06/2019 08:00:00	16,04	15,51	15,21	14,98	14,85	14,74	14,62	14,51	14,39	14,29	14,17	14,04	13,91	13,73	13,55	13,29	13,03	12,71	12,40	12,05	11,71	16,24
23/06/2019 08:05:00	16,10	15,59	15,29	15,05	14,86	14,64	14,47	14,40	14,29	14,18	14,12	14,03	13,95	13,80	13,65	13,41	13,17	12,88	12,58	12,26	11,94	16,21
23/06/2019 08:10:00	16,25	15,68	15,40	15,22	15,11	15,07	14,98	14,82	14,68	14,57	14,52	14,42	14,32	14,14	13,97	13,69	13,42	13,09	12,76	12,39	12,03	16,50
23/06/2019 08:15:00	16,27	15,80	15,50	15,27	15,08	14,99	14,88	14,72	14,62	14,58	14,47	14,35	14,23	14,06	13,89	13,64	13,39	13,09	12,79	12,45	12,11	17,05
23/06/2019 08:20:00	16,40	15,93	15,63	15,40	15,25	15,04	14,85	14,72	14,60	14,50	14,40	14,28	14,16	13,99	13,82	13,56	13,30	12,99	12,68	12,35	12,01	16,66
23/06/2019 08:25:00	16,45	15,92	15,66	15,53	15,52	15,42	15,32	15,27	15,13	14,98	14,84	14,66	14,49	14,27	14,06	13,77	13,48	13,13	12,78	12,39	12,00	16,88
23/06/2019 08:30:00	16,63	16,06	15,79	15,60	15,45	15,30	15,16	15,04	14,89	14,73	14,59	14,43	14,27	14,07	13,86	13,58	13,29	12,96	12,63	12,26	11,89	17,28
23/06/2019 08:35:00	16,59	16,19	15,87	15,62	15,44	15,31	15,13	14,88	14,72	14,63	14,51	14,37	14,22	14,03	13,83	13,55	13,28	12,95	12,62	12,27	11,91	17,06
23/06/2019 08:40:00	16,82	16,23	15,91	15,68	15,55	15,43	15,29	15,13	14,95	14,78	14,68	14,54	14,40	14,20	13,99	13,71	13,42	13,07	12,73	12,35	11,98	17,43
23/06/2019 08:45:00	16,86	16,26	15,96	15,76	15,66	15,46	15,28	15,17	14,99	14,80	14,69	14,53	14,38	14,17	13,96	13,67	13,37	13,03	12,69	12,31	11,94	17,39
23/06/2019 08:50:00	16,91	16,43	16,06	15,76	15,58	15,40	15,21	15,02	14,82	14,63	14,53	14,40	14,26	14,07	13,87	13,58	13,30	12,96	12,63	12,26	11,90	17,20
23/06/2019 08:55:00	16,86	16,42	16,02	15,71	15,51	15,34	15,15	14,93	14,73	14,56	14,41	14,24	14,07	13,86	13,64	13,35	13,07	12,73	12,39	12,02	11,65	17,23
23/06/2019 09:00:00	16,93	16,42	16,08	15,79	15,54	15,31	15,06	14,77	14,58	14,43	14,25	14,05	13,85	13,62	13,39	13,10	12,80	12,47	12,14	11,78	11,42	17,17
23/06/2019 09:05:00	16,94	16,43	16,12	15,87	15,69	15,43	15,17	14,94	14,75	14,59	14,37	14,15	13,93	13,69	13,44	13,14	12,83	12,49	12,15	11,78	11,41	16,96
23/06/2019 09:10:00	16,99	16,44	16,07	15,79	15,61	15,40	15,18	14,98	14,77	14,57	14,41	14,22	14,04	13,81	13,58	13,28	12,98	12,64	12,29	11,92	11,54	17,22
23/06/2019 09:15:00	17,08	16,56	16,09	15,72	15,51	15,31	15,09	14,86	14,63	14,42	14,24	14,04	13,85	13,62	13,38	13,09	12,79	12,45	12,10	11,73	11,35	17,53
23/06/2019 09:20:00	17,08	16,57	16,16	15,77	15,45	15,18	14,93	14,68	14,49	14,35	14,21	14,07	13,92	13,73	13,54	13,27	13,01	12,70	12,39	12,06	11,73	17,31
23/06/2019 09:25:00	17,06	16,62	16,20	15,85	15,63	15,40	15,18	14,95	14,75	14,59	14,42	14,24	14,06	13,84	13,62	13,34	13,05	12,72	12,39	12,03	11,67	17,39
23/06/2019 09:30:00	17,12	16,62	16,23	15,92	15,71	15,41	15,13	14,95	14,76	14,58	14,43	14,26	14,09	13,87	13,66	13,38	13,10	12,77	12,44	12,09	11,74	17,27
23/06/2019 09:35:00	17,15	16,66	16,35	16,06	15,75	15,52	15,30	15,07	14,82	14,59	14,40	14,20	14,00	13,76	13,52	13,22	12,91	12,57	12,22	11,85	11,48	17,59
23/06/2019 09:40:00	17,22	16,71	16,30	15,94	15,62	15,38	15,15	14,92	14,69	14,50	14,36	14,21	14,06	13,86	13,66	13,38	13,10	12,77	12,45	12,10	11,74	17,49
23/06/2019 09:45:00	17,40	16,71	16,26	15,92	15,69	15,45	15,19	14,94	14,69	14,46	14,31	14,12	13,94	13,71	13,48	13,17	12,87	12,52	12,17	11,79	11,41	18,12
23/06/2019 09:50:00	17,51	16,87	16,42	16,03	15,69	15,39	15,10	14,82	14,56	14,31	14,14	13,96	13,77	13,54	13,31	13,01	12,71	12,37	12,04	11,68	11,31	17,78
23/06/2019 09:55:00	17,56	16,92	16,41	15,97	15,64	15,34	15,05	14,77	14,52	14,30	14,11	13,91	13,71	13,48	13,25	12,96	12,67	12,34	12,01	11,65	11,29	17,96
23/06/2019 10:00:00	17,64	17,10	16,66	16,26	15,92	15,57	15,22	14,90	14,58	14,29	14,09	13,88	13,66	13,40	13,15	12,82	12,50	12,15	11,80	11,43	11,05	18,08
23/06/2019 10:05:00	17,87	17,40	16,93	16,48	16,10	15,75	15,40	15,04	14,73	14,47	14,35	14,20	14,05	13,84	13,63	13,33	13,02	12,68	12,35	11,99	11,64	17,89
23/06/2019 10:10:00	17,90	17,35	16,92	16,50	16,08	15,73	15,41	15,11	14,84	14,60	14,40	14,20	14,00	13,77	13,54	13,24	12,94	12,61	12,27	11,92	11,57	17,92
23/06/2019 10:15:00	17,94	17,52	17,06	16,60	16,17	15,83	15,50	15,18	14,91	14,70	14,44	14,20	13,97	13,71	13,46	13,16	12,87	12,53	12,20	11,85	11,49	18,09
23/06/2019 10:20:00	18,01	17,43	16,96	16,53	16,16	15,82	15,50	15,22	14,98	14,77	14,53	14,30	14,08	13,83	13,58	13,29	12,99	12,66	12,33	11,97	11,62	18,30
23/06/2019 10:25:00	18,17	17,48	17,00	16,55	16,08	15,76	15,47	15,20	14,95	14,73	14,52	14,32	14,12	13,90	13,67	13,39	13,10	12,78	12,46	12,11	11,76	18,97
23/06/2019 10:30:00	18,22	17,51	17,02	16,58	16,19	15,89	15,59	15,28	14,99	14,73	14,60	14,44	14,28	14,07	13,85	13,55	13,25	12,91	12,57	12,21	11,84	18,69
23/06/2019 10:35:00	18,18	17,63	17,18	16,75	16,36	16,00	15,69	15,44	15,16	14,89	14,60	14,32	14,05	13,77	13,49	13,18	12,87	12,52	12,17	11,79	11,42	18,51
23/06/2019 10:40:00	18,27	17,66	17,15	16,68	16,25	15,88	15,55	15,26	14,98	14,73	14,51	14,30	14,08	13,84	13,60	13,30	13,00	12,67	12,33	11,97	11,61	18,92
23/06/2019 10:45:00	18,19	17,59	17,15	16,72	16,29	15,99	15,71	15,44	15,15	14,86	14,63	14,40	14,16	13,91	13,65	13,34	13,03	12,68	12,34	11,96	11,59	18,38
23/06/2019 10:50:00	18,38	17,75	17,25	16,76	16,31	15,94	15,59	15,28	15,00	14,75	14,49	14,24	14,00	13,74	13,48	13,17	12,87	12,53	12,20	11,84	11,48	19,41
23/06/2019 10:55:00	18,22	17,64	17,12	16,65	16,27	15,87	15,50	15,21	14,98	14,79	14,58	14,38	14,18	13,95	13,72	13,44	13,15	12,83	12,51	12,17	11,82	18,68
23/06/2019 11:00:00	18,21	17,69	17,20	16,74	16,34	16,00	15,65	15,27	14,98	14,77	14,63	14,47	14,30	14,09	13,88	13,58	13,28	12,95	12,61	12,26	11,91	18,66
23/06/2019 11:05:00	18,23	17,63	17,17	16,75	16,41	16,03	15,65	15,33	15,07	14,86	14,68	14,50	14,31	14,08	13,85	13,55	13,25	12,92	12,59	12,23	11,88	18,26
23/06/2019 11:10:00	18,32	17,68	17,21	16,76	16,31	15,93	15,56	15,21	14,92	14,68	14,54	14,39	14,23	14,02	13,81	13,52	13,22	12,89	12,56	12,22	11,87	18,89
23/06/2019 11:15:00	18,33	17,60	17,19	16,84	16,52	16,16	15,80	15,49	15,23	15,01	14,75	14,48	14,21	13,93	13,66	13,33	13,01	12,66	12,31	11,93	11,55	18,62
23/06/2019 11:20:00	18,41	17,85	17,35	16,89	16,51	16,20	15,91	15,62	15,27	14,90	14,68	14,45	14,22	13,95	13,69	13,35	13,02	12,65	12,28	11,88	11,48	18,86
23/06/2019 11:25:00	18,56	17,99	17,48	16,98	16,53	16,18	15,84	15,46	15,14	14,86	14,61	14,37	14,13	13,86	13,60	13,28	12,96	12,61	12,26	11,88	11,51	19,61
23/06/2019 11:30:00	18,64	18,03	17,54	17,07	16,63	16,21	15,82	15,47	15,18	14,94	14,64	14,36	14,09	13,80	13,52	13,21	12,89	12,55	12,20	11,83	11,47	19,36
23/06/2019 11:35:00	18,67	18,06	17,59	17,16	16,74	16,33	15,92	15,52	15,14	14,78	14,56	14,32	14,07	13,79	13,51	13,16	12,81	12,44	12,07	11,68	11,29	19,51
23/06/2019 11:40:00	18,63	18,02	17,57	17,12	16,64	16,23	15,86	15,52	15,18	14,86	14,63	14,39	14,15	13,89	13,62	13,30	12,97	12,62	12,27	11,90	11,53	19,03
23/06/2019 11:45:00	18,60	18,14	17,68	17,24	16,84	16,39	15,95	15,60	15,25	14,90	14,63	14,36	14,10	13,80	13,51	13,17	12,82	12,45	12,09	11,70	11,31	19,22
23/06/2019 11:50:00	18,51	18,19	17,71	17,24	16,83	16,42	16,01	15,62	15,23	14,86	14,62	14,38	14,13	13,84	13,56	13,21	12,86	12,49	12,11	11,72	11,33	19,24
23/06/2019 11:55:00	18,54	18,13	17,66	17,21	16,79	16,47	16,13	15,73	15,36	15,03	14,75	14,48	14,20	13,90	13,60	13,26	12,91	12,53	12,15	11,75	11,35	19,15
23/06/2019 12:00:00	18,72	18,12	17,55	17,01	16,54	16,19	15,85	15,49	15,18	14,91	14,70	14,50	14,29	14,05	13,81	13,51	13,20	12,86	12,52	12,16	11,79	19,29
23/06/2019 12:05:00	18,67	18,18	17,74	17,32	16,97	16,62	16,28	15,97	15,64	15,29	14,95	14,62	14,29	13,96	13,64	13,28	12,93	12,55	12,16	11,75	11,33	19,64
23/06/2019 12:10:00	18,73	18,05	17,54	17,07	16,66	16,33	16,02	15,71	15,37	15,03	14,80	14,57	14,34	14,07	13,81	13,48	13,15	12,78	12,42	12,03	11,63	19,47
23/06/2019 12:15:00	18,70	18,01	17,52	17,05	16,62	16,25	15,90	15,55	15,25	14,99	14,74	14,49	14,25	13,98	13,72	13,40	13,09	12,74	12,39	12,01	11,64	19,27
23/06/2019 12:20:00	18,70	18,03	17,55	17,09	16,68	16,24	15,83	15,52	15,24	15,00	14,81	14,61	14,42	14,19	13,95	13,65	13,35	13,02	12,68	12,33	11,98	19,26
23/06/2019 12:25:00	18,77	17,99	17,54	17,17	16,86	16,57	16,27	15,96	15,68	15,43	15,16	14,89	14,62	14,33	14,04	13,71	13,38	13,01	12,64	12,24	11,84	19,31
23/06/2019 12:30:00	18,86	18,15	17,71	17,30	16,84	16,52	16,22	15,90	15,57	15,25	14,99	14,73	14,47	14,19	13,90	13,57	13,24	12,87	12,50	12,10	11,71	19,47
23/06/2019 12:35:00	18,95	18,19	17,74	17,36	17,00	16,73	16,44	16,08	15,77	15,50	15,20	14,89	14,59	14,28	13,97	13,62	13,28	12,90	12,51	12,10	11,69	19,91
23/06/2019 12:40:00	18,94	18,29	17,77	17,30	16,91	16,57	16,23	15,90	15,63	15,43	15,16	14,90	14,65	14,38	14,12	13,81	13,50	13,16	12,81	12,43	12,06	19,87
23/06/2019 12:45:00	19,07	18,28	17,80	17,39	17,06	16,76	16,44	16,11	15,80	15,51	15,24	14,96	14,69	14,39	14,10	13,76	13,42	13,03	12,65	12,24	11,83	19,99
23/06/2019 12:50:00	19,13	18,43	17,91	17,44	17,06	16,69	16,36	16,09	15,83	15,59	15,27	14,98	14,69	14,41	14,12	13,81	13,50	13,14	12,78	12,40	12,01	19,79
23/06/2019 12:55:00	19,27	18,48	17,96	17,51	17,13	16,75	16,40	16,08	15,77	15,46	15,20	14,95	14,69	14,41	14,13	13,80	13,46	13,09	12,72	12,32	11,93	20,61
23/06/2019 13:00:00	19,17	18,49	18,04	17,61	17,17	16,85	16,54	16,19	15,84	15,51	15,20	14,89	14,58	14,27	13,96	13,61	13,26	12,88	12,49	12,08	11,67	20,13
23/06/2019 13:05:00	19,18	18,57	18,05	17,58	17,21	16,84	16,48	16,16	15,84	15,54	15,24	14,94	14,65	14,35	14,05	13,72	13,38	13,00	12,63	12,23	11,83	19,94
23/06/2019 13:10:00	19,26	18,61	18,03	17,53	17,16	16,82	16,47	16,12	15,81	15,54	15,31	15,08	14,85	14,59	14,33	14,01	13,69	13,32	12,96	12,57	12,18	19,87
23/06/2019 13:15:00	19,37	18,65	18,19	17,77	17,37	17,03	16,71	16,38	16,01	15,62	15,33	15,03	14,72	14,41	14,09	13,73	13,37	12,98	12,58	12,15	11,73	20,18
23/06/2019 13:20:00	19,26	18,69	18,25	17,82	17,43	17,03	16,64	16,25	15,92	15,63	15,31	15,00	14,69	14,37	14,06	13,71	13,36	12,98	12,60	12,20	11,80	20,04
23/06/2019 13:25:00	19,53	18,84	18,33	17,86	17,43	17,07	16,73	16,37	16,03	15,69	15,36	15,05	14,74	14,42	14,10	13,75	13,40	13,01	12,63	12,21	11,80	20,04
23/06/2019 13:30:00	19,48	18,78	18,34	17,93	17,51	17,16	16,81	16,44	16,09	15,76	15,42	15,09	14,76	14,43	14,10	13,75	13,39	13,00	12,60	12,19	11,77	20,02
23/06/2019 13:35:00	19,50	18,93	18,42	17,94	17,55	17,15	16,74	16,34	15,97	15,62	15,30	14,98	14,67	14,35	14,02	13,66	13,30	12,91	12,52	12,10	11,69	19,97
23/06/2019 13:40:00	19,48	18,92	18,40	17,90	17,43	17,02	16,64	16,26	15,93	15,66	15,33	15,02	14,71	14,40	14,09	13,76	13,43	13,06	12,70	12,31	11,92	20,11
23/06/2019 13:45:00	19,42	18,89	18,36	17,86	17,47	17,11	16,76	16,43	16,12	15,83	15,53	15,24	14,95	14,66	14,36	14,03	13,70	13,33	12,96	12,56	12,16	19,46
23/06/2019 13:50:00	19,39	18,89	18,41	17,95	17,55	17,17	16,80	16,46	16,11	15,76	15,49	15,22	14,96	14,67	14,38	14,03	13,68	13,30	12,91	12,51	12,10	19,75
23/06/2019 13:55:00	19,34	18,88	18,48	18,11	17,76	17,40	17,05	16,73	16,37	15,98	15,68	15,38	15,07	14,75	14,43	14,06	13,69	13,29	12,89	12,46	12,03	19,77
23/06/2019 14:00:00	19,38	18,94	18,50	18,08	17,67	17,29	16,94	16,61	16,28	15,97	15,63	15,31	14,99	14,67	14,35	14,00	13,65	13,27	12,88	12,47	12,06	19,59
23/06/2019 14:05:00	19,42	18,92	18,49	18,09	17,67	17,32	16,98	16,60	16,24	15,91	15,59	15,28	14,97	14,65	14,33	13,97	13,61	13,22	12,82	12,41	11,99	19,61
23/06/2019 14:10:00	19,43	18,99	18,56	18,12	17,61	17,22	16,87	16,50	16,15	15,84	15,54	15,25	14,96	14,67	14,37	14,03	13,69	13,32	12,94	12,55	12,16	19,62
23/06/2019 14:15:00	19,40	18,95	18,55	18,14	17,65	17,25	16,88	16,52	16,17	15,84	15,53	15,24	14,94	14,64	14,34	13,99	13,64	13,27	12,89	12,49	12,09	19,76
23/06/2019 14:20:00	19,44	18,99	18,57	18,15	17,72	17,35	17,01	16,65	16,32	16,02	15,65	15,31	14,97	14,63	14,30	13,95	13,60	13,21	12,82	12,41	12,00	19,53
23/06/2019 14:25:00	19,46	19,10	18,70	18,29	17,88	17,45	17,02	16,58	16,20	15,88	15,55	15,23	14,91	14,58	14,25	13,88	13,51	13,12	12,72	12,31	11,90	19,77
23/06/2019 14:30:00	19,58	19,27	18,86	18,43	17,98	17,56	17,15	16,73	16,33	15,96	15,63	15,31	14,99	14,66	14,33	13,96	13,59	13,19	12,79	12,37	11,96	19,65
23/06/2019 14:35:00	19,58	19,19	18,77	18,34	17,86	17,45	17,06	16,65	16,28	15,93	15,61	15,31	15,00	14,69	14,37	14,02	13,66	13,27	12,88	12,47	12,07	19,57
23/06/2019 14:40:00	19,58	19,23	18,82	18,43	18,03	17,62	17,22	16,81	16,40	16,00	15,65	15,30	14,95	14,60	14,25	13,86	13,47	13,05	12,64	12,20	11,76	19,66
23/06/2019 14:45:00	19,63	19,22	18,77	18,33	17,94	17,54	17,12	16,67	16,28	15,95	15,60	15,27	14,93	14,59	14,25	13,88	13,50	13,10	12,69	12,27	11,84	19,73
23/06/2019 14:50:00	19,64	19,33	18,94	18,54	18,13	17,69	17,24	16,79	16,38	16,00	15,63	15,28	14,92	14,56	14,20	13,82	13,43	13,01	12,60	12,17	11,74	19,85
23/06/2019 14:55:00	19,62	19,33	18,92	18,47	18,02	17,58	17,15	16,72	16,34	15,99	15,59	15,21	14,83	14,47	14,11	13,74	13,36	12,96	12,56	12,14	11,73	19,61
23/06/2019 15:00:00	19,58	19,29	18,83	18,36	17,90	17,44	17,01	16,63	16,27	15,92	15,56	15,22	14,88	14,55	14,22	13,86	13,51	13,12	12,73	12,33	11,92	19,57
23/06/2019 15:05:00	19,51	19,21	18,77	18,31	17,83	17,38	16,95	16,56	16,17	15,80	15,50	15,20	14,90	14,59	14,28	13,92	13,57	13,18	12,79	12,39	11,99	19,57
23/06/2019 15:10:00	19,48	19,17	18,80	18,41	17,97	17,48	17,00	16,59	16,23	15,90	15,50	15,13	14,75	14,39	14,04	13,67	13,30	12,90	12,51	12,10	11,70	19,45
23/06/2019 15:15:00	19,42	19,16	18,74	18,28	17,77	17,33	16,93	16,55	16,15	15,76	15,44	15,13	14,82	14,50	14,18	13,82	13,47	13,08	12,69	12,28	11,88	19,43
23/06/2019 15:20:00	19,35	19,03	18,63	18,22	17,78	17,36	16,96	16,60	16,25	15,92	15,56	15,21	14,87	14,53	14,20	13,84	13,49	13,10	12,71	12,30	11,89	19,25
23/06/2019 15:25:00	19,15	18,92	18,57	18,18	17,73	17,31	16,89	16,49	16,13	15,81	15,41	15,04	14,67	14,32	13,97	13,60	13,24	12,84	12,45	12,04	11,63	19,24
23/06/2019 15:30:00	19,01	18,88	18,52	18,14	17,72	17,30	16,89	16,52	16,16	15,81	15,41	15,03	14,66	14,30	13,94	13,57	13,20	12,81	12,41	12,00	11,58	19,07
23/06/2019 15:35:00	18,89	18,70	18,36	18,01	17,65	17,29	16,92	16,50	16,12	15,77	15,39	15,01	14,64	14,28	13,91	13,53	13,15	12,74	12,32	11,89	11,46	18,92
23/06/2019 15:40:00	18,86	18,70	18,26	17,81	17,40	17,04	16,70	16,41	16,07	15,74	15,40	15,10	14,79	14,48	14,17	13,83	13,49	13,11	12,73	12,33	11,93	18,84
23/06/2019 15:45:00	18,75	18,50	18,12	17,72	17,31	16,97	16,67	16,37	16,07	15,78	15,51	15,24	14,98	14,70	14,42	14,09	13,77	13,40	13,04	12,65	12,26	18,69
23/06/2019 15:50:00	18,63	18,50	18,16	17,80	17,38	16,95	16,54	16,20	15,85	15,49	15,28	15,05	14,82	14,55	14,29	13,94	13,60	13,22	12,85	12,47	12,08	18,71
23/06/2019 15:55:00	18,65	18,43	18,10	17,77	17,43	17,08	16,74	16,46	16,10	15,70	15,35	15,00	14,66	14,31	13,97	13,60	13,22	12,82	12,41	11,98	11,55	18,58
23/06/2019 16:00:00	18,56	18,51	18,20	17,86	17,49	17,13	16,75	16,35	15,98	15,65	15,22	14,82	14,43	14,05	13,68	13,30	12,92	12,51	12,10	11,68	11,25	18,64
23/06/2019 16:05:00	18,55	18,52	18,23	17,89	17,47	17,09	16,70	16,24	15,84	15,50	15,07	14,67	14,27	13,89	13,51	13,12	12,74	12,33	11,92	11,50	11,08	18,56
23/06/2019 16:10:00	18,54	18,40	18,03	17,63	17,20	16,77	16,37	16,01	15,65	15,31	15,01	14,72	14,43	14,13	13,82	13,47	13,13	12,75	12,38	11,99	11,60	18,41
23/06/2019 16:15:00	18,33	18,24	17,88	17,49	17,08	16,67	16,29	15,96	15,59	15,21	14,99	14,77	14,54	14,27	14,00	13,65	13,31	12,93	12,56	12,17	11,79	18,34
23/06/2019 16:20:00	18,32	18,18	17,85	17,47	17,02	16,60	16,19	15,77	15,37	14,99	14,78	14,54	14,30	14,02	13,73	13,38	13,02	12,64	12,26	11,88	11,49	18,28
23/06/2019 16:25:00	18,21	18,15	17,74	17,33	16,97	16,59	16,25	15,97	15,72	15,50	15,06	14,68	14,30	13,97	13,63	13,31	12,99	12,63	12,27	11,88	11,50	18,36
23/06/2019 16:30:00	18,37	18,32	17,97	17,56	17,10	16,71	16,34	15,96	15,62	15,32	15,06	14,81	14,56	14,29	14,01	13,68	13,34	12,98	12,62	12,24	11,86	18,36
23/06/2019 16:35:00	18,08	17,94	17,64	17,32	16,99	16,70	16,44	16,19	16,02	15,93	15,96	15,95	15,94	15,83	15,72	15,47	15,22	14,92	14,62	14,30	13,98	18,16
23/06/2019 16:40:00	17,86	17,84	17,55	17,24	16,94	16,63	16,35	16,10	15,88	15,72	15,66	15,57	15,48	15,32	15,15	14,87	14,59	14,27	13,94	13,60	13,25	17,70
23/06/2019 16:45:00	17,66	17,65	17,39	17,10	16,82	16,49	16,18	15,95	15,68	15,41	15,28	15,12	14,97	14,75	14,53	14,22	13,91	13,56	13,21	12,84	12,47	17,64
23/06/2019 16:50:00	17,44	17,43	17,19	16,90	16,53	16,24	15,96	15,64	15,41	15,23	14,98	14,75	14,53	14,27	14,02	13,72	13,41	13,07	12,73	12,37	12,01	17,39
23/06/2019 16:55:00	16,93	17,04	16,91	16,74	16,51	16,27	16,01	15,72	15,46	15,22	15,02	14,80	14,57	14,31	14,05	13,71	13,38	13,01	12,64	12,25	11,86	16,40
23/06/2019 17:00:00	16,69	17,06	16,96	16,76	16,41	16,12	15,84	15,59	15,32	15,08	14,90	14,71	14,52	14,29	14,05	13,74	13,43	13,09	12,75	12,39	12,03	16,47
23/06/2019 17:05:00	16,88	16,98	16,83	16,64	16,43	16,20	15,95	15,71	15,49	15,30	15,09	14,87	14,65	14,40	14,15	13,84	13,52	13,16	12,81	12,43	12,05	16,33
23/06/2019 17:10:00	16,41	16,56	16,35	16,15	15,98	15,76	15,54	15,33	15,13	14,95	14,75	14,55	14,35	14,11	13,88	13,57	13,27	12,92	12,58	12,21	11,84	16,27
23/06/2019 17:15:00	16,35	16,43	16,31	16,14	15,88	15,61	15,32	15,04	14,82	14,64	14,45	14,25	14,05	13,81	13,57	13,26	12,94	12,61	12,27	11,91	11,55	16,05
23/06/2019 17:20:00	16,10	16,41	16,25	16,03	15,76	15,57	15,36	15,12	14,86	14,62	14,43	14,23	14,03	13,78	13,54	13,23	12,92	12,57	12,22	11,85	11,49	15,96
23/06/2019 17:25:00	16,13	16,16	16,03	15,88	15,68	15,47	15,26	15,08	14,90	14,73	14,55	14,37	14,18	13,96	13,73	13,44	13,14	12,81	12,48	12,12	11,76	16,09
23/06/2019 17:30:00	16,10	16,19	16,06	15,90	15,70	15,52	15,30	15,03	14,81	14,62	14,47	14,30	14,12	13,89	13,66	13,35	13,04	12,69	12,35	11,98	11,61	15,58
23/06/2019 17:35:00	15,99	16,10	16,04	15,93	15,70	15,47	15,24	15,03	14,88	14,76	14,61	14,45	14,29	14,09	13,88	13,60	13,31	12,99	12,68	12,34	12,00	15,40
23/06/2019 17:40:00	15,49	15,76	15,64	15,47	15,29	15,12	14,95	14,78	14,67	14,61	14,49	14,37	14,25	14,08	13,91	13,65	13,40	13,10	12,80	12,48	12,15	15,34
23/06/2019 17:45:00	15,39	15,49	15,44	15,36	15,21	15,06	14,92	14,82	14,71	14,64	14,62	14,56	14,50	14,36	14,22	13,96	13,71	13,41	13,11	12,79	12,46	15,09
23/06/2019 17:50:00	15,10	15,46	15,33	15,16	14,95	14,71	14,45	14,18	13,98	13,83	13,68	13,52	13,36	13,15	12,94	12,64	12,35	12,03	11,71	11,38	11,05	14,95
23/06/2019 17:55:00	15,08	15,48	15,47	15,35	15,08	14,85	14,60	14,30	14,03	13,80	13,65	13,47	13,29	13,05	12,81	12,49	12,16	11,82	11,49	11,13	10,78	15,17
23/06/2019 18:00:00	15,22	15,44	15,34	15,22	15,06	14,83	14,59	14,35	14,15	13,97	13,76	13,54	13,33	13,08	12,83	12,51	12,20	11,87	11,53	11,17	10,81	15,28
23/06/2019 18:05:00	15,26	15,36	15,26	15,13	14,95	14,74	14,52	14,30	14,09	13,90	13,67	13,43	13,20	12,94	12,68	12,37	12,06	11,72	11,38	11,02	10,66	15,17
23/06/2019 18:10:00	15,20	15,35	15,30	15,18	14,98	14,71	14,43	14,18	13,97	13,77	13,52	13,27	13,02	12,75	12,48	12,17	11,85	11,52	11,18	10,83	10,48	15,11
23/06/2019 18:15:00	15,09	15,41	15,32	15,21	15,07	14,85	14,61	14,39	14,13	13,87	13,60	13,32	13,04	12,75	12,45	12,11	11,77	11,41	11,05	10,67	10,28	15,01
23/06/2019 18:20:00	14,96	15,37	15,36	15,28	15,13	14,92	14,68	14,42	14,15	13,90	13,73	13,53	13,32	13,06	12,81	12,47	12,13	11,78	11,42	11,05	10,68	14,95
23/06/2019 18:25:00	15,04	15,34	15,37	15,34	15,24	15,07	14,90	14,73	14,55	14,38	14,14	13,89	13,65	13,38	13,11	12,80	12,48	12,14	11,79	11,42	11,05	15,12
23/06/2019 18:30:00	15,15	15,53	15,54	15,46	15,26	14,99	14,72	14,47	14,20	13,94	13,76	13,54	13,33	13,07	12,81	12,48	12,14	11,79	11,44	11,08	10,72	15,34
23/06/2019 18:35:00	15,14	15,39	15,41	15,40	15,34	15,11	14,86	14,66	14,38	14,07	13,80	13,50	13,21	12,89	12,56	12,20	11,83	11,45	11,06	10,66	10,25	15,25
23/06/2019 18:40:00	15,15	15,49	15,57	15,55	15,39	15,19	14,97	14,74	14,48	14,22	13,93	13,63	13,33	13,02	12,71	12,36	12,01	11,63	11,26	10,87	10,49	15,18
23/06/2019 18:45:00	15,32	15,69	15,70	15,62	15,46	15,19	14,89	14,59	14,32	14,07	13,86	13,63	13,39	13,11	12,84	12,49	12,15	11,79	11,43	11,06	10,69	15,23
23/06/2019 18:50:00	15,34	15,73	15,77	15,71	15,51	15,28	15,01	14,70	14,40	14,11	13,80	13,49	13,18	12,85	12,52	12,16	11,80	11,42	11,04	10,65	10,26	15,47
23/06/2019 18:55:00	15,50	15,83	15,79	15,69	15,50	15,29	15,03	14,74	14,42	14,11	13,86	13,59	13,32	13,02	12,71	12,35	11,99	11,61	11,23	10,83	10,44	15,69
23/06/2019 19:00:00	15,62	16,00	15,99	15,92	15,82	15,56	15,26	14,93	14,61	14,30	14,01	13,70	13,39	13,06	12,73	12,34	11,96	11,56	11,17	10,75	10,34	15,66
23/06/2019 19:05:00	15,61	16,07	16,06	15,96	15,75	15,53	15,28	14,99	14,66	14,31	14,02	13,71	13,41	13,08	12,76	12,39	12,02	11,63	11,24	10,83	10,43	15,68
23/06/2019 19:10:00	15,70	16,22	16,22	16,09	15,80	15,51	15,20	14,87	14,49	14,11	13,80	13,47	13,15	12,81	12,48	12,10	11,72	11,33	10,94	10,54	10,14	15,69
23/06/2019 19:15:00	15,69	16,26	16,23	16,06	15,77	15,46	15,10	14,70	14,37	14,05	13,70	13,35	13,01	12,66	12,31	11,94	11,57	11,19	10,82	10,43	10,04	15,72
23/06/2019 19:20:00	15,56	15,68	15,53	15,30	14,99	14,60	14,20	13,80	13,41	13,01	12,66	12,31	11,96	11,60	11,25	10,86	10,48	10,10	9,72	9,33	8,95	15,64
23/06/2019 19:25:00	15,65	15,55	15,30	15,02	14,73	14,51	14,29	14,09	13,83	13,56	13,25	12,96	12,67	12,38	12,09	11,77	11,46	11,12	10,78	10,42	10,06	15,36
23/06/2019 19:30:00	15,54	15,35	14,99	14,61	14,23	13,84	13,47	13,11	12,84	12,61	12,41	12,20	11,99	11,75	11,52	11,22	10,93	10,62	10,31	10,00	9,68	15,54
23/06/2019 19:35:00	15,43	15,29	15,08	14,87	14,64	14,42	14,15	13,83	13,54	13,25	12,98	12,70	12,42	12,11	11,81	11,47	11,13	10,77	10,40	10,02	9,64	15,20
23/06/2019 19:40:00	15,21	15,22	14,97	14,71	14,48	14,22	13,99	13,80	13,51	13,23	13,05	12,85	12,65	12,41	12,17	11,86	11,55	11,21	10,88	10,52	10,16	15,21
23/06/2019 19:45:00	15,06	14,99	14,72	14,48	14,31	14,13	13,92	13,68	13,47	13,27	13,01	12,76	12,51	12,24	11,98	11,67	11,37	11,04	10,70	10,34	9,98	15,09
23/06/2019 19:50:00	15,04	14,94	14,77	14,62	14,45	14,27	14,08	13,88	13,65	13,43	13,25	13,04	12,84	12,59	12,35	12,04	11,73	11,39	11,05	10,69	10,32	15,11
23/06/2019 19:55:00	15,11	14,94	14,76	14,59	14,41	14,16	13,94	13,78	13,56	13,35	13,16	12,96	12,75	12,52	12,28	11,98	11,68	11,35	11,03	10,68	10,33	15,07
23/06/2019 20:00:00	15,07	14,99	14,72	14,48	14,33	14,16	13,97	13,76	13,54	13,36	13,31	13,21	13,12	12,94	12,76	12,48	12,19	11,88	11,56	11,22	10,88	15,05
23/06/2019 20:05:00	14,95	14,92	14,79	14,60	14,34	14,14	13,95	13,77	13,62	13,49	13,32	13,16	12,99	12,79	12,59	12,32	12,05	11,76	11,46	11,14	10,82	14,94
23/06/2019 20:10:00	14,95	14,96	14,86	14,75	14,61	14,43	14,23	14,02	13,85	13,69	13,55	13,37	13,20	12,98	12,76	12,46	12,16	11,84	11,51	11,17	10,82	14,82
23/06/2019 20:15:00	14,65	14,60	14,56	14,48	14,31	14,16	13,99	13,82	13,71	13,65	13,62	13,56	13,49	13,34	13,19	12,93	12,68	12,39	12,10	11,79	11,48	14,80
23/06/2019 20:20:00	14,68	14,61	14,45	14,26	14,00	13,87	13,76	13,66	13,59	13,57	13,58	13,56	13,54	13,45	13,35	13,14	12,93	12,67	12,42	12,14	11,86	14,74
23/06/2019 20:25:00	14,64	14,48	14,30	14,16	14,10	13,95	13,80	13,65	13,55	13,51	13,53	13,50	13,47	13,34	13,22	12,97	12,72	12,44	12,15	11,84	11,52	14,59
23/06/2019 20:30:00	14,60	14,47	14,27	14,12	14,04	13,84	13,65	13,49	13,34	13,22	13,16	13,06	12,95	12,78	12,61	12,33	12,06	11,76	11,45	11,12	10,79	14,57
23/06/2019 20:35:00	14,52	14,41	14,25	14,09	13,89	13,73	13,59	13,47	13,37	13,30	13,27	13,21	13,15	13,01	12,88	12,64	12,40	12,13	11,86	11,56	11,26	14,48
23/06/2019 20:40:00	14,54	14,42	14,25	14,06	13,86	13,64	13,45	13,31	13,18	13,09	13,09	13,06	13,02	12,89	12,77	12,53	12,28	12,01	11,74	11,44	11,15	14,24
23/06/2019 20:45:00	14,53	14,38	14,20	14,01	13,82	13,63	13,45	13,30	13,19	13,12	13,12	13,07	13,03	12,91	12,78	12,54	12,31	12,03	11,76	11,47	11,18	14,05
23/06/2019 20:50:00	14,44	14,34	14,23	14,06	13,80	13,59	13,38	13,19	13,04	12,94	12,92	12,85	12,78	12,64	12,49	12,24	11,99	11,71	11,44	11,14	10,85	14,20
23/06/2019 20:55:00	14,35	14,41	14,28	14,12	13,93	13,73	13,54	13,37	13,16	12,98	12,96	12,88	12,80	12,64	12,47	12,20	11,92	11,62	11,32	11,00	10,68	14,11
23/06/2019 21:00:00	14,10	14,11	14,01	13,88	13,71	13,56	13,42	13,29	13,14	13,01	12,90	12,77	12,63	12,45	12,26	12,00	11,73	11,44	11,14	10,82	10,50	14,08
23/06/2019 21:05:00	14,13	14,21	14,15	14,02	13,77	13,52	13,26	13,02	12,84	12,70	12,60	12,46	12,33	12,13	11,94	11,66	11,38	11,09	10,79	10,49	10,18	14,00
23/06/2019 21:10:00	14,11	14,18	14,14	14,02	13,79	13,60	13,40	13,18	12,94	12,71	12,54	12,35	12,16	11,92	11,68	11,37	11,07	10,74	10,42	10,08	9,74	14,03
23/06/2019 21:15:00	14,12	14,09	14,03	13,94	13,82	13,67	13,44	13,15	12,97	12,79	12,53	12,26	11,99	11,71	11,42	11,10	10,78	10,44	10,10	9,75	9,39	14,05
23/06/2019 21:20:00	14,15	14,30	14,24	14,13	13,96	13,76	13,54	13,29	13,10	12,91	12,63	12,35	12,08	11,79	11,51	11,20	10,89	10,56	10,23	9,89	9,54	14,13
23/06/2019 21:25:00	14,17	14,45	14,45	14,35	14,13	13,90	13,67	13,47	13,20	12,94	12,71	12,46	12,21	11,94	11,66	11,34	11,02	10,69	10,35	10,00	9,65	14,13
23/06/2019 21:30:00	14,11	14,62	14,57	14,43	14,20	13,92	13,63	13,34	13,08	12,83	12,56	12,30	12,03	11,75	11,47	11,14	10,82	10,48	10,15	9,81	9,46	14,14
23/06/2019 21:35:00	14,17	14,60	14,55	14,39	14,09	13,78	13,49	13,21	12,91	12,63	12,40	12,17	11,93	11,66	11,40	11,07	10,75	10,42	10,09	9,75	9,42	14,00
23/06/2019 21:40:00	13,99	14,53	14,42	14,17	13,83	13,47	13,14	12,81	12,45	12,12	11,90	11,67	11,44	11,17	10,90	10,57	10,24	9,91	9,58	9,25	8,92	13,96
23/06/2019 21:45:00	13,93	14,54	14,41	14,19	13,87	13,49	13,13	12,77	12,43	12,12	11,86	11,61	11,35	11,07	10,78	10,45	10,11	9,78	9,44	9,11	8,78	13,87
23/06/2019 21:50:00	13,94	14,33	14,16	13,91	13,59	13,25	12,92	12,59	12,26	11,96	11,68	11,41	11,14	10,85	10,56	10,23	9,90	9,58	9,25	8,91	8,58	13,77
23/06/2019 21:55:00	13,47	13,99	13,96	13,86	13,72	13,48	13,19	12,89	12,62	12,36	12,08	11,80	11,52	11,21	10,91	10,57	10,23	9,88	9,53	9,18	8,82	13,77
23/06/2019 22:00:00	13,48	14,05	14,05	13,94	13,72	13,45	13,17	12,89	12,59	12,30	12,00	11,71	11,41	11,10	10,80	10,46	10,12	9,77	9,43	9,08	8,73	13,93
23/06/2019 22:05:00	13,89	14,10	14,15	14,10	13,90	13,68	13,44	13,18	12,93	12,68	12,43	12,16	11,89	11,60	11,30	10,97	10,64	10,30	9,96	9,61	9,25	14,02
23/06/2019 22:10:00	14,07	14,36	14,39	14,34	14,19	14,06	13,87	13,63	13,37	13,10	12,83	12,54	12,26	11,95	11,65	11,31	10,97	10,61	10,25	9,87	9,49	14,09
23/06/2019 22:15:00	14,18	14,33	14,36	14,34	14,20	14,05	13,86	13,63	13,38	13,12	12,88	12,61	12,35	12,05	11,76	11,42	11,08	10,73	10,37	9,99	9,62	14,16
23/06/2019 22:20:00	14,18	14,53	14,50	14,42	14,29	14,05	13,83	13,65	13,43	13,21	12,97	12,73	12,49	12,22	11,95	11,64	11,33	10,99	10,66	10,31	9,96	14,20
23/06/2019 22:25:00	14,23	14,56	14,51	14,42	14,26	14,08	13,87	13,66	13,41	13,17	12,92	12,68	12,43	12,15	11,87	11,55	11,23	10,88	10,54	10,17	9,81	14,25
23/06/2019 22:30:00	14,30	14,59	14,41	14,22	14,07	13,87	13,65	13,42	13,20	13,00	12,77	12,55	12,32	12,07	11,81	11,51	11,21	10,88	10,55	10,20	9,86	14,24
23/06/2019 22:35:00	14,31	14,46	14,31	14,13	13,93	13,70	13,46	13,23	13,02	12,83	12,62	12,41	12,19	11,95	11,71	11,41	11,12	10,80	10,48	10,15	9,82	14,34
23/06/2019 22:40:00	14,24	14,23	14,12	14,00	13,88	13,67	13,44	13,21	13,02	12,83	12,56	12,30	12,03	11,75	11,47	11,16	10,85	10,52	10,19	9,83	9,48	14,33
23/06/2019 22:45:00	14,25	14,25	14,12	13,99	13,84	13,67	13,47	13,24	13,03	12,84	12,62	12,38	12,15	11,89	11,63	11,32	11,02	10,69	10,36	10,00	9,65	14,29
23/06/2019 22:50:00	14,23	14,11	13,94	13,76	13,58	13,34	13,12	12,93	12,66	12,39	12,19	11,96	11,73	11,47	11,21	10,90	10,58	10,25	9,92	9,57	9,21	14,23
23/06/2019 22:55:00	14,12	13,97	13,80	13,65	13,55	13,37	13,16	12,94	12,77	12,60	12,37	12,13	11,89	11,63	11,37	11,07	10,77	10,45	10,13	9,78	9,44	14,08
23/06/2019 23:00:00	13,99	13,89	13,79	13,71	13,61	13,49	13,32	13,09	12,91	12,74	12,50	12,25	11,99	11,72	11,45	11,14	10,83	10,50	10,16	9,80	9,44	13,98
23/06/2019 23:05:00	13,98	13,93	13,89	13,82	13,67	13,59	13,47	13,29	13,05	12,80	12,62	12,40	12,18	11,92	11,67	11,35	11,03	10,68	10,34	9,97	9,60	13,77
23/06/2019 23:10:00	13,77	13,63	13,52	13,43	13,33	13,18	13,02	12,84	12,57	12,32	12,18	11,99	11,80	11,55	11,30	10,98	10,66	10,32	9,98	9,62	9,26	13,68
23/06/2019 23:15:00	13,80	13,86	13,76	13,68	13,61	13,41	13,20	13,01	12,80	12,59	12,39	12,16	11,93	11,67	11,41	11,10	10,78	10,45	10,12	9,76	9,41	13,82
23/06/2019 23:20:00	13,81	13,90	13,87	13,77	13,58	13,39	13,17	12,95	12,72	12,50	12,24	11,98	11,72	11,45	11,17	10,86	10,54	10,21	9,88	9,54	9,20	13,83
23/06/2019 23:25:00	13,78	13,91	13,83	13,66	13,39	13,07	12,78	12,54	12,28	12,01	11,74	11,47	11,21	10,92	10,64	10,33	10,02	9,70	9,38	9,05	8,73	13,80
23/06/2019 23:30:00	13,85	13,85	13,79	13,71	13,56	13,36	13,13	12,88	12,60	12,29	11,99	11,67	11,35	11,03	10,70	10,35	10,00	9,64	9,28	8,91	8,53	13,85
23/06/2019 23:35:00	13,85	14,02	14,06	14,00	13,76	13,52	13,27	12,99	12,72	12,45	12,18	11,89	11,60	11,30	10,99	10,66	10,32	9,98	9,64	9,28	8,93	13,89
23/06/2019 23:40:00	13,89	14,13	14,07	13,92	13,66	13,51	13,32	13,08	12,81	12,55	12,29	12,03	11,77	11,49	11,21	10,89	10,58	10,24	9,91	9,56	9,21	13,71
23/06/2019 23:45:00	13,72	13,92	13,92	13,81	13,56	13,33	13,08	12,82	12,51	12,20	11,87	11,53	11,20	10,87	10,54	10,20	9,86	9,51	9,16	8,80	8,44	13,69
23/06/2019 23:50:00	13,68	13,85	13,79	13,66	13,47	13,23	12,99	12,74	12,45	12,14	11,78	11,44	11,09	10,75	10,41	10,07	9,73	9,38	9,03	8,66	8,30	13,64
23/06/2019 23:55:00	13,71	13,72	13,66	13,53	13,30	13,09	12,85	12,58	12,34	12,09	11,80	11,50	11,21	10,91	10,61	10,29	9,97	9,63	9,30	8,96	8,61	13,68
