FileFormat:0002.2 file with temperature of atmosphere
SN105HE102
local	GMT or Local
0	GMT-Local=[hours]
0	Height[m]
0	0	0	Longitude                [grd]               [min]               [sec]
0	0	0	Latitude                [grd]               [min]               [sec]
N	NS
56,45	Freq[GHz]
0,00	dTemostat[K]
0,150	MessErr[K]
0,248	//[grad/step]
version 14.4.20120406
MTP5HE102F5645K-38.60I70D219217+A1.1
Commentary:
SN105HE102
парабола ДНА = 2,5 град
НЕ102 - ПУ - ХВБ с ЦСД " S "
АЦП - 202 - 09 с контр.U пит.и М
оптопара серии - 2
Т out № 178 пл
БП LPS - 112
End Of Commentary

SYSTEM\summer.dat
data time	0	50	100	150	200	250	300	350	400	450	500	550	600	650	700	750	800	850	900	950	1000	OutsideTemperature
21/06/2019 00:00:00	16,07	17,34	17,50	17,48	17,28	16,92	16,54	16,17	15,76	15,32	14,82	14,35	13,88	13,44	13,00	12,56	12,13	11,68	11,24	10,79	10,34	15,59
21/06/2019 00:05:00	15,96	17,03	17,26	17,30	17,09	16,82	16,50	16,13	15,70	15,24	14,81	14,38	13,94	13,51	13,09	12,64	12,20	11,75	11,30	10,84	10,38	15,55
21/06/2019 00:10:00	15,85	16,89	17,13	17,22	17,14	16,87	16,54	16,17	15,79	15,38	14,90	14,43	13,97	13,52	13,07	12,62	12,17	11,71	11,26	10,79	10,32	15,29
21/06/2019 00:15:00	15,69	16,83	17,18	17,31	17,18	16,93	16,59	16,18	15,78	15,37	14,91	14,45	13,98	13,54	13,09	12,63	12,18	11,72	11,26	10,80	10,33	15,60
21/06/2019 00:20:00	15,58	16,81	17,12	17,25	17,18	16,90	16,56	16,20	15,82	15,41	14,90	14,40	13,90	13,44	12,97	12,52	12,07	11,61	11,16	10,69	10,23	15,69
21/06/2019 00:25:00	15,41	16,78	17,08	17,15	16,98	16,76	16,48	16,13	15,73	15,32	14,88	14,46	14,04	13,62	13,20	12,77	12,34	11,90	11,46	11,01	10,56	15,35
21/06/2019 00:30:00	15,28	16,72	17,10	17,22	17,08	16,88	16,59	16,19	15,81	15,42	14,87	14,35	13,83	13,36	12,88	12,43	11,98	11,53	11,08	10,62	10,15	15,19
21/06/2019 00:35:00	15,17	16,68	17,10	17,26	17,09	16,82	16,49	16,12	15,69	15,24	14,76	14,30	13,84	13,38	12,93	12,47	12,02	11,56	11,11	10,65	10,19	15,15
21/06/2019 00:40:00	15,07	16,63	17,01	17,16	17,09	16,88	16,59	16,22	15,83	15,42	14,90	14,40	13,91	13,44	12,97	12,52	12,07	11,61	11,15	10,68	10,21	15,01
21/06/2019 00:45:00	15,14	16,84	17,24	17,33	17,12	16,77	16,38	15,96	15,55	15,13	14,68	14,25	13,82	13,39	12,96	12,52	12,08	11,65	11,22	10,79	10,36	14,86
21/06/2019 00:50:00	14,83	16,66	17,08	17,18	16,97	16,68	16,34	15,92	15,49	15,05	14,53	14,05	13,56	13,10	12,64	12,19	11,74	11,30	10,85	10,41	9,96	14,77
21/06/2019 00:55:00	14,85	16,72	17,13	17,22	17,00	16,67	16,29	15,89	15,49	15,07	14,51	14,00	13,49	13,03	12,56	12,12	11,68	11,25	10,81	10,38	9,94	14,48
21/06/2019 01:00:00	14,87	16,85	17,18	17,23	17,06	16,73	16,35	15,95	15,51	15,07	14,59	14,13	13,67	13,23	12,79	12,35	11,91	11,47	11,03	10,59	10,15	14,50
21/06/2019 01:05:00	14,65	16,56	16,89	16,93	16,65	16,27	15,88	15,48	15,05	14,60	14,08	13,60	13,12	12,68	12,23	11,80	11,36	10,94	10,51	10,10	9,68	14,49
21/06/2019 01:10:00	14,43	16,50	16,86	16,91	16,67	16,30	15,90	15,47	15,01	14,55	14,06	13,61	13,16	12,72	12,28	11,83	11,39	10,96	10,52	10,10	9,67	14,26
21/06/2019 01:15:00	14,31	16,40	16,82	16,91	16,69	16,27	15,83	15,39	14,93	14,45	13,95	13,48	13,01	12,55	12,10	11,64	11,19	10,75	10,32	9,89	9,47	14,27
21/06/2019 01:20:00	14,17	16,40	16,78	16,86	16,67	16,27	15,84	15,40	14,94	14,48	14,04	13,61	13,19	12,76	12,34	11,89	11,44	11,01	10,58	10,15	9,73	14,07
21/06/2019 01:25:00	14,04	16,23	16,59	16,64	16,37	15,96	15,54	15,11	14,66	14,22	13,76	13,33	12,91	12,49	12,07	11,64	11,21	10,79	10,37	9,97	9,57	14,12
21/06/2019 01:30:00	14,14	16,36	16,75	16,83	16,65	16,32	15,94	15,49	15,03	14,56	14,03	13,55	13,06	12,59	12,13	11,67	11,21	10,76	10,32	9,88	9,44	14,15
21/06/2019 01:35:00	13,98	16,51	16,93	17,01	16,84	16,43	15,98	15,52	15,06	14,59	14,04	13,54	13,04	12,57	12,10	11,64	11,18	10,74	10,30	9,87	9,44	13,88
21/06/2019 01:40:00	14,06	16,37	16,87	17,02	16,82	16,48	16,08	15,61	15,09	14,56	14,07	13,59	13,11	12,63	12,16	11,68	11,19	10,73	10,26	9,81	9,36	13,87
21/06/2019 01:45:00	13,85	15,89	16,50	16,78	16,72	16,50	16,18	15,74	15,33	14,89	14,29	13,73	13,17	12,65	12,13	11,65	11,16	10,69	10,22	9,75	9,28	13,70
21/06/2019 01:50:00	13,49	15,70	16,32	16,61	16,56	16,28	15,96	15,62	15,22	14,77	14,23	13,71	13,20	12,72	12,24	11,77	11,31	10,86	10,40	9,95	9,50	13,52
21/06/2019 01:55:00	13,57	15,67	16,15	16,36	16,36	16,19	15,92	15,55	15,17	14,75	14,23	13,74	13,25	12,79	12,32	11,87	11,42	10,96	10,51	10,05	9,60	13,40
21/06/2019 02:00:00	13,78	15,55	16,17	16,48	16,40	16,22	15,92	15,51	15,14	14,73	14,18	13,66	13,13	12,64	12,15	11,68	11,21	10,75	10,29	9,83	9,37	13,54
21/06/2019 02:05:00	13,72	15,57	16,14	16,38	16,24	15,96	15,62	15,24	14,81	14,38	13,98	13,57	13,16	12,74	12,31	11,86	11,41	10,97	10,54	10,11	9,68	13,65
21/06/2019 02:10:00	13,42	15,37	15,99	16,34	16,39	16,18	15,89	15,56	15,19	14,79	14,32	13,84	13,37	12,91	12,45	11,99	11,52	11,07	10,61	10,15	9,69	14,05
21/06/2019 02:15:00	12,99	15,05	15,83	16,29	16,41	16,30	16,08	15,78	15,38	14,93	14,44	13,93	13,42	12,93	12,44	11,95	11,46	10,97	10,49	10,00	9,51	14,01
21/06/2019 02:20:00	12,60	14,73	15,58	16,13	16,35	16,28	16,09	15,83	15,54	15,16	14,60	14,06	13,52	13,01	12,51	12,03	11,55	11,08	10,60	10,12	9,63	12,95
21/06/2019 02:25:00	12,59	14,64	15,45	15,97	16,16	16,11	15,93	15,66	15,37	15,01	14,54	14,05	13,57	13,10	12,63	12,17	11,71	11,25	10,78	10,31	9,84	12,67
21/06/2019 02:30:00	12,47	14,50	15,40	16,01	16,25	16,15	15,98	15,78	15,45	15,05	14,58	14,09	13,59	13,11	12,63	12,15	11,67	11,19	10,72	10,23	9,75	12,43
21/06/2019 02:35:00	12,12	14,11	15,24	15,99	16,24	16,30	16,20	15,97	15,68	15,31	14,80	14,26	13,72	13,21	12,70	12,21	11,71	11,22	10,73	10,22	9,72	12,54
21/06/2019 02:40:00	12,16	14,55	15,56	16,17	16,30	16,29	16,15	15,90	15,59	15,21	14,71	14,21	13,70	13,22	12,74	12,27	11,80	11,34	10,87	10,40	9,92	12,17
21/06/2019 02:45:00	12,49	14,77	15,63	16,16	16,31	16,19	15,99	15,73	15,36	14,95	14,51	14,04	13,58	13,12	12,66	12,18	11,70	11,23	10,76	10,28	9,81	12,24
21/06/2019 02:50:00	12,74	14,93	15,80	16,30	16,35	16,20	15,95	15,62	15,24	14,82	14,35	13,87	13,38	12,91	12,43	11,95	11,47	11,00	10,53	10,06	9,59	12,76
21/06/2019 02:55:00	12,80	15,34	16,14	16,55	16,53	16,18	15,85	15,56	15,10	14,61	14,16	13,69	13,23	12,77	12,31	11,83	11,35	10,89	10,44	9,99	9,54	12,66
21/06/2019 03:00:00	12,65	15,13	16,00	16,47	16,49	16,27	15,99	15,67	15,25	14,79	14,28	13,77	13,26	12,77	12,27	11,79	11,30	10,83	10,36	9,90	9,44	12,82
21/06/2019 03:05:00	12,78	15,00	15,91	16,47	16,61	16,45	16,24	16,01	15,63	15,18	14,68	14,16	13,64	13,15	12,65	12,16	11,67	11,19	10,71	10,23	9,75	12,80
21/06/2019 03:10:00	12,59	14,48	15,49	16,18	16,45	16,46	16,33	16,11	15,80	15,43	14,98	14,48	13,99	13,51	13,02	12,53	12,04	11,55	11,06	10,55	10,05	12,70
21/06/2019 03:15:00	12,44	14,48	15,60	16,38	16,70	16,69	16,57	16,40	16,10	15,71	15,22	14,70	14,18	13,68	13,17	12,67	12,17	11,67	11,17	10,66	10,14	12,46
21/06/2019 03:20:00	12,67	14,85	15,81	16,43	16,63	16,62	16,49	16,24	15,88	15,45	14,93	14,39	13,86	13,35	12,84	12,34	11,84	11,34	10,84	10,32	9,81	12,40
21/06/2019 03:25:00	13,13	14,90	15,60	16,05	16,21	16,12	15,96	15,76	15,42	15,03	14,62	14,18	13,74	13,31	12,87	12,41	11,96	11,50	11,03	10,56	10,08	12,61
21/06/2019 03:30:00	12,92	14,64	15,30	15,76	15,97	15,91	15,73	15,46	15,18	14,86	14,43	13,99	13,55	13,11	12,67	12,22	11,77	11,31	10,85	10,38	9,91	12,68
21/06/2019 03:35:00	12,64	14,23	15,11	15,71	15,93	15,96	15,86	15,65	15,35	14,99	14,54	14,05	13,56	13,09	12,62	12,15	11,67	11,20	10,72	10,23	9,73	12,90
21/06/2019 03:40:00	12,49	13,81	14,68	15,32	15,59	15,67	15,65	15,54	15,26	14,94	14,60	14,20	13,80	13,38	12,96	12,51	12,06	11,60	11,14	10,66	10,17	12,80
21/06/2019 03:45:00	12,24	14,12	15,06	15,72	16,00	16,11	16,08	15,93	15,68	15,34	14,81	14,28	13,76	13,27	12,78	12,32	11,85	11,38	10,90	10,40	9,90	11,69
21/06/2019 03:50:00	12,80	14,35	15,19	15,77	15,98	15,99	15,88	15,68	15,34	14,95	14,52	14,05	13,58	13,11	12,64	12,16	11,69	11,21	10,72	10,22	9,73	11,92
21/06/2019 03:55:00	12,72	13,99	14,76	15,31	15,56	15,65	15,61	15,48	15,22	14,90	14,47	14,02	13,57	13,13	12,69	12,25	11,80	11,34	10,88	10,40	9,91	12,03
21/06/2019 04:00:00	11,69	13,42	14,48	15,29	15,74	16,00	16,04	15,91	15,68	15,39	15,05	14,63	14,22	13,78	13,34	12,87	12,39	11,90	11,42	10,90	10,38	11,97
21/06/2019 04:05:00	12,13	13,79	14,78	15,54	15,99	16,07	16,01	15,85	15,57	15,20	14,73	14,21	13,69	13,18	12,68	12,18	11,68	11,17	10,66	10,13	9,60	11,85
21/06/2019 04:10:00	12,34	13,75	14,72	15,44	15,78	15,87	15,80	15,61	15,38	15,08	14,66	14,19	13,73	13,26	12,80	12,33	11,86	11,38	10,90	10,40	9,90	11,75
21/06/2019 04:15:00	12,04	13,66	14,61	15,32	15,65	15,72	15,68	15,56	15,30	14,93	14,40	13,85	13,31	12,80	12,29	11,81	11,34	10,85	10,37	9,86	9,35	11,80
21/06/2019 04:20:00	12,17	14,00	14,82	15,38	15,61	15,60	15,46	15,24	14,96	14,63	14,21	13,77	13,32	12,88	12,44	11,98	11,53	11,08	10,62	10,15	9,68	11,91
21/06/2019 04:25:00	12,09	13,76	14,69	15,31	15,50	15,59	15,53	15,34	15,05	14,70	14,25	13,78	13,31	12,84	12,38	11,92	11,46	10,99	10,52	10,04	9,55	12,19
21/06/2019 04:30:00	12,08	13,55	14,47	15,17	15,55	15,66	15,61	15,46	15,21	14,87	14,38	13,86	13,34	12,84	12,35	11,87	11,39	10,91	10,42	9,91	9,40	12,45
21/06/2019 04:35:00	12,26	13,65	14,58	15,27	15,57	15,68	15,68	15,60	15,36	15,05	14,67	14,25	13,82	13,40	12,97	12,52	12,07	11,61	11,15	10,66	10,17	12,30
21/06/2019 04:40:00	12,33	13,65	14,61	15,36	15,79	15,91	15,88	15,76	15,58	15,30	14,85	14,37	13,89	13,42	12,95	12,49	12,02	11,55	11,07	10,57	10,06	12,54
21/06/2019 04:45:00	12,62	13,93	14,92	15,67	16,02	16,18	16,19	16,09	15,88	15,59	15,18	14,73	14,28	13,83	13,38	12,92	12,46	11,98	11,51	11,00	10,49	12,53
21/06/2019 04:50:00	12,50	13,73	14,70	15,47	15,93	16,13	16,16	16,07	15,90	15,63	15,18	14,69	14,19	13,72	13,25	12,79	12,32	11,84	11,36	10,84	10,32	12,49
21/06/2019 04:55:00	12,29	13,71	14,77	15,57	15,99	16,15	16,16	16,07	15,86	15,56	15,11	14,63	14,14	13,67	13,19	12,72	12,25	11,76	11,27	10,76	10,24	12,41
21/06/2019 05:00:00	12,34	13,79	14,81	15,61	16,06	16,24	16,24	16,12	15,94	15,65	15,20	14,70	14,21	13,73	13,25	12,78	12,31	11,82	11,32	10,80	10,28	12,32
21/06/2019 05:05:00	11,91	13,46	14,67	15,64	16,23	16,43	16,48	16,42	16,23	15,92	15,48	14,98	14,48	13,98	13,48	12,99	12,49	11,98	11,46	10,92	10,37	11,86
21/06/2019 05:10:00	12,09	13,70	14,91	15,83	16,27	16,44	16,46	16,39	16,16	15,83	15,38	14,88	14,38	13,88	13,39	12,90	12,40	11,90	11,40	10,87	10,34	11,62
21/06/2019 05:15:00	12,34	13,82	14,87	15,67	16,09	16,27	16,31	16,25	16,01	15,69	15,27	14,80	14,33	13,86	13,40	12,92	12,45	11,95	11,46	10,94	10,42	11,41
21/06/2019 05:20:00	12,30	13,76	14,77	15,56	16,02	16,18	16,21	16,15	15,94	15,64	15,23	14,76	14,30	13,84	13,39	12,92	12,45	11,97	11,48	10,96	10,44	11,45
21/06/2019 05:25:00	12,40	14,11	15,11	15,84	16,17	16,27	16,24	16,11	15,88	15,57	15,13	14,66	14,19	13,73	13,27	12,81	12,35	11,87	11,40	10,90	10,40	11,65
21/06/2019 05:30:00	12,41	14,05	14,90	15,52	15,79	15,82	15,70	15,47	15,22	14,92	14,52	14,09	13,65	13,21	12,77	12,31	11,85	11,39	10,93	10,44	9,96	11,67
21/06/2019 05:35:00	11,94	13,17	14,10	14,84	15,28	15,50	15,56	15,49	15,34	15,11	14,77	14,37	13,97	13,56	13,15	12,72	12,29	11,83	11,37	10,88	10,39	11,97
21/06/2019 05:40:00	11,92	12,99	13,95	14,71	15,12	15,36	15,45	15,42	15,27	15,03	14,64	14,20	13,76	13,33	12,90	12,47	12,04	11,58	11,13	10,63	10,14	12,02
21/06/2019 05:45:00	11,87	12,77	13,82	14,68	15,18	15,50	15,64	15,64	15,53	15,31	14,95	14,52	14,09	13,67	13,24	12,80	12,36	11,90	11,43	10,92	10,41	12,29
21/06/2019 05:50:00	11,99	13,05	14,06	14,90	15,43	15,61	15,70	15,74	15,57	15,28	14,86	14,39	13,92	13,47	13,01	12,56	12,10	11,62	11,15	10,63	10,11	12,39
21/06/2019 05:55:00	12,28	13,38	14,36	15,15	15,61	15,86	15,94	15,90	15,75	15,51	15,15	14,73	14,31	13,88	13,46	13,01	12,57	12,10	11,63	11,12	10,61	12,49
21/06/2019 06:00:00	12,57	13,65	14,67	15,47	15,90	16,16	16,27	16,26	16,08	15,82	15,49	15,09	14,69	14,28	13,86	13,41	12,97	12,49	12,02	11,50	10,99	12,54
21/06/2019 06:05:00	12,52	13,50	14,60	15,52	16,07	16,35	16,44	16,39	16,20	15,91	15,55	15,10	14,65	14,18	13,72	13,23	12,75	12,24	11,73	11,17	10,62	12,50
21/06/2019 06:10:00	12,47	13,39	14,44	15,32	15,87	16,19	16,35	16,38	16,23	15,99	15,65	15,23	14,81	14,38	13,95	13,49	13,04	12,55	12,06	11,53	11,00	12,48
21/06/2019 06:15:00	12,55	13,69	14,81	15,72	16,25	16,51	16,60	16,59	16,37	16,05	15,63	15,14	14,66	14,17	13,69	13,20	12,71	12,19	11,68	11,12	10,57	12,70
21/06/2019 06:20:00	12,82	13,73	14,77	15,62	16,09	16,30	16,40	16,43	16,27	16,01	15,66	15,24	14,82	14,39	13,96	13,51	13,06	12,58	12,10	11,58	11,06	12,82
21/06/2019 06:25:00	12,73	13,53	14,58	15,48	16,07	16,41	16,56	16,56	16,48	16,29	15,89	15,44	14,98	14,53	14,08	13,63	13,18	12,69	12,20	11,67	11,13	13,12
21/06/2019 06:30:00	13,12	14,09	15,19	16,10	16,66	16,94	17,02	16,95	16,79	16,53	16,14	15,67	15,20	14,73	14,26	13,77	13,28	12,77	12,26	11,70	11,15	13,04
21/06/2019 06:35:00	13,21	14,26	15,27	16,10	16,57	16,83	16,93	16,90	16,70	16,39	15,99	15,53	15,06	14,60	14,13	13,65	13,18	12,67	12,17	11,62	11,07	13,00
21/06/2019 06:40:00	12,88	13,88	14,85	15,67	16,17	16,40	16,50	16,51	16,29	15,98	15,63	15,20	14,78	14,33	13,89	13,42	12,95	12,46	11,96	11,42	10,88	12,99
21/06/2019 06:45:00	12,73	13,70	14,60	15,39	15,94	16,21	16,29	16,24	16,10	15,88	15,55	15,15	14,76	14,34	13,92	13,47	13,02	12,54	12,05	11,53	11,00	13,36
21/06/2019 06:50:00	12,80	13,72	14,79	15,69	16,22	16,57	16,69	16,65	16,50	16,23	15,80	15,30	14,81	14,32	13,84	13,36	12,89	12,38	11,87	11,31	10,76	13,70
21/06/2019 06:55:00	12,98	14,01	15,01	15,81	16,22	16,44	16,49	16,42	16,25	16,00	15,61	15,16	14,71	14,27	13,82	13,36	12,90	12,42	11,94	11,42	10,90	13,92
21/06/2019 07:00:00	13,07	14,00	15,04	15,91	16,41	16,61	16,68	16,67	16,53	16,27	15,81	15,30	14,80	14,32	13,84	13,37	12,90	12,41	11,91	11,38	10,84	14,51
21/06/2019 07:05:00	13,40	14,49	15,51	16,29	16,66	16,86	16,92	16,87	16,68	16,38	15,98	15,52	15,07	14,61	14,16	13,70	13,23	12,75	12,26	11,73	11,20	14,50
21/06/2019 07:10:00	13,64	14,67	15,57	16,27	16,62	16,76	16,77	16,69	16,48	16,18	15,83	15,41	14,99	14,56	14,13	13,68	13,22	12,74	12,26	11,74	11,22	14,34
21/06/2019 07:15:00	14,08	14,76	15,58	16,24	16,57	16,76	16,83	16,83	16,61	16,30	15,90	15,45	15,00	14,56	14,12	13,67	13,22	12,74	12,25	11,72	11,20	14,77
21/06/2019 07:20:00	14,20	14,95	15,67	16,24	16,50	16,64	16,65	16,55	16,35	16,07	15,67	15,23	14,79	14,36	13,93	13,49	13,05	12,59	12,12	11,61	11,11	14,68
21/06/2019 07:25:00	14,60	15,24	15,94	16,53	16,86	16,90	16,88	16,85	16,73	16,52	16,06	15,60	15,13	14,70	14,27	13,85	13,43	12,97	12,52	12,02	11,53	14,82
21/06/2019 07:30:00	14,78	15,48	16,16	16,69	16,93	17,06	17,07	17,00	16,80	16,52	16,13	15,70	15,27	14,85	14,43	14,00	13,57	13,11	12,64	12,13	11,62	14,99
21/06/2019 07:35:00	14,58	15,39	16,17	16,76	16,99	17,07	17,05	16,95	16,73	16,44	16,07	15,65	15,23	14,81	14,39	13,95	13,50	13,03	12,56	12,06	11,56	15,14
21/06/2019 07:40:00	14,34	15,21	16,09	16,80	17,16	17,30	17,30	17,20	16,98	16,66	16,25	15,78	15,30	14,84	14,37	13,90	13,42	12,92	12,42	11,88	11,34	14,73
21/06/2019 07:45:00	14,07	14,80	15,72	16,49	16,90	17,10	17,15	17,08	16,88	16,59	16,16	15,67	15,18	14,71	14,24	13,76	13,28	12,78	12,28	11,73	11,18	14,39
21/06/2019 07:50:00	14,10	14,54	15,41	16,21	16,77	17,07	17,19	17,18	17,02	16,76	16,42	15,99	15,56	15,12	14,68	14,21	13,74	13,23	12,72	12,16	11,59	13,87
21/06/2019 07:55:00	14,31	14,89	15,80	16,60	17,13	17,34	17,40	17,36	17,17	16,88	16,47	15,99	15,51	15,04	14,56	14,08	13,60	13,08	12,56	12,00	11,43	15,22
21/06/2019 08:00:00	14,46	15,08	15,97	16,71	17,12	17,29	17,32	17,27	17,05	16,72	16,30	15,82	15,34	14,87	14,39	13,91	13,43	12,92	12,41	11,86	11,31	14,71
21/06/2019 08:05:00	14,55	15,15	15,95	16,62	17,04	17,22	17,23	17,11	16,97	16,74	16,32	15,86	15,39	14,94	14,49	14,04	13,58	13,09	12,61	12,08	11,55	14,97
21/06/2019 08:10:00	14,73	15,12	15,89	16,56	16,96	17,13	17,17	17,15	16,95	16,64	16,24	15,78	15,32	14,86	14,41	13,95	13,49	12,99	12,49	11,95	11,40	15,32
21/06/2019 08:15:00	14,98	15,23	15,84	16,41	16,75	16,94	17,00	16,95	16,77	16,50	16,18	15,79	15,40	15,00	14,59	14,16	13,73	13,25	12,77	12,24	11,72	15,37
21/06/2019 08:20:00	15,23	15,45	16,03	16,55	16,84	17,01	17,06	17,01	16,81	16,51	16,09	15,63	15,17	14,73	14,29	13,85	13,41	12,93	12,44	11,91	11,38	15,50
21/06/2019 08:25:00	15,65	15,83	16,41	16,91	17,12	17,22	17,20	17,07	16,87	16,58	16,10	15,60	15,10	14,63	14,17	13,72	13,27	12,79	12,31	11,78	11,25	16,12
21/06/2019 08:30:00	16,00	16,18	16,52	16,83	16,99	17,02	16,95	16,79	16,54	16,23	15,87	15,47	15,07	14,66	14,26	13,83	13,40	12,93	12,47	11,96	11,46	16,50
21/06/2019 08:35:00	16,04	16,09	16,42	16,69	16,77	16,79	16,73	16,59	16,36	16,09	15,74	15,36	14,99	14,60	14,22	13,82	13,41	12,97	12,53	12,05	11,56	16,57
21/06/2019 08:40:00	16,21	16,10	16,43	16,75	16,87	16,91	16,83	16,67	16,47	16,23	15,83	15,41	14,99	14,58	14,17	13,75	13,34	12,89	12,43	11,94	11,44	16,84
21/06/2019 08:45:00	16,27	16,14	16,39	16,68	16,88	16,92	16,86	16,75	16,56	16,30	15,91	15,49	15,07	14,66	14,25	13,84	13,43	12,98	12,52	12,02	11,51	16,81
21/06/2019 08:50:00	16,71	16,58	16,84	17,12	17,24	17,21	17,11	16,97	16,72	16,41	16,04	15,64	15,23	14,83	14,42	14,00	13,57	13,11	12,65	12,14	11,63	16,89
21/06/2019 08:55:00	16,89	16,72	16,78	16,88	16,96	16,96	16,89	16,75	16,50	16,19	15,90	15,57	15,24	14,89	14,53	14,14	13,75	13,30	12,86	12,37	11,88	17,41
21/06/2019 09:00:00	17,15	16,87	16,98	17,15	17,28	17,23	17,10	16,93	16,68	16,36	16,03	15,66	15,29	14,90	14,52	14,10	13,69	13,23	12,77	12,26	11,76	18,07
21/06/2019 09:05:00	17,36	17,09	17,16	17,28	17,33	17,22	17,05	16,88	16,64	16,35	15,96	15,55	15,15	14,75	14,35	13,95	13,55	13,10	12,65	12,17	11,68	17,87
21/06/2019 09:10:00	17,36	17,11	17,07	17,08	17,14	17,09	16,98	16,85	16,59	16,24	15,88	15,50	15,12	14,74	14,36	13,96	13,56	13,11	12,66	12,17	11,67	17,62
21/06/2019 09:15:00	17,52	17,28	17,20	17,19	17,21	17,06	16,85	16,64	16,36	16,04	15,72	15,37	15,01	14,65	14,29	13,89	13,49	13,06	12,62	12,14	11,67	18,02
21/06/2019 09:20:00	17,59	17,46	17,39	17,36	17,33	17,20	17,02	16,82	16,54	16,23	15,82	15,41	15,00	14,61	14,21	13,82	13,42	12,98	12,53	12,05	11,57	18,02
21/06/2019 09:25:00	17,70	17,62	17,65	17,62	17,43	17,22	16,96	16,64	16,34	16,03	15,61	15,19	14,78	14,38	13,98	13,58	13,17	12,74	12,31	11,86	11,40	18,18
21/06/2019 09:30:00	17,92	17,73	17,65	17,59	17,50	17,28	17,02	16,79	16,49	16,15	15,73	15,31	14,89	14,49	14,09	13,69	13,29	12,85	12,41	11,94	11,46	18,57
21/06/2019 09:35:00	18,09	17,87	17,75	17,64	17,47	17,26	16,99	16,69	16,32	15,91	15,59	15,24	14,88	14,51	14,14	13,73	13,32	12,88	12,44	11,97	11,50	18,69
21/06/2019 09:40:00	18,19	17,94	17,77	17,61	17,44	17,23	16,97	16,66	16,35	16,04	15,62	15,21	14,80	14,41	14,02	13,63	13,24	12,81	12,38	11,91	11,45	18,89
21/06/2019 09:45:00	18,39	17,99	17,76	17,55	17,33	17,16	16,95	16,66	16,37	16,08	15,66	15,25	14,85	14,47	14,09	13,71	13,33	12,91	12,49	12,03	11,58	18,84
21/06/2019 09:50:00	18,45	18,11	17,86	17,62	17,35	17,11	16,83	16,44	16,09	15,76	15,45	15,12	14,79	14,45	14,11	13,72	13,34	12,92	12,50	12,06	11,62	19,13
21/06/2019 09:55:00	18,58	18,16	17,90	17,67	17,45	17,23	16,98	16,67	16,35	16,03	15,63	15,23	14,84	14,46	14,08	13,70	13,31	12,88	12,46	12,00	11,54	19,46
21/06/2019 10:00:00	18,73	18,34	18,10	17,90	17,71	17,46	17,16	16,82	16,46	16,08	15,68	15,27	14,86	14,46	14,06	13,65	13,24	12,79	12,35	11,87	11,40	19,34
21/06/2019 10:05:00	18,87	18,50	18,26	18,04	17,80	17,51	17,21	16,96	16,61	16,20	15,78	15,37	14,96	14,57	14,18	13,78	13,38	12,94	12,50	12,03	11,56	19,44
21/06/2019 10:10:00	19,02	18,76	18,46	18,18	17,88	17,57	17,24	16,84	16,45	16,06	15,65	15,24	14,84	14,45	14,06	13,65	13,25	12,81	12,37	11,91	11,45	19,71
21/06/2019 10:15:00	19,16	18,90	18,59	18,25	17,85	17,55	17,22	16,76	16,35	15,98	15,59	15,21	14,83	14,46	14,08	13,69	13,29	12,87	12,44	11,99	11,55	20,03
21/06/2019 10:20:00	19,32	18,86	18,49	18,13	17,72	17,35	16,98	16,62	16,23	15,83	15,52	15,20	14,89	14,55	14,22	13,84	13,47	13,06	12,66	12,23	11,80	19,96
21/06/2019 10:25:00	19,34	18,91	18,52	18,17	17,91	17,55	17,17	16,81	16,40	15,95	15,59	15,22	14,86	14,48	14,11	13,70	13,30	12,86	12,42	11,95	11,49	20,91
21/06/2019 10:30:00	19,34	18,99	18,65	18,32	17,93	17,54	17,15	16,73	16,38	16,08	15,62	15,19	14,76	14,37	13,98	13,60	13,22	12,81	12,40	11,96	11,53	20,43
21/06/2019 10:35:00	19,63	19,10	18,71	18,39	18,11	17,73	17,31	16,92	16,54	16,17	15,77	15,37	14,98	14,59	14,21	13,81	13,41	12,97	12,54	12,08	11,62	20,17
21/06/2019 10:40:00	19,58	19,22	18,87	18,49	18,02	17,65	17,28	16,83	16,41	16,01	15,65	15,30	14,95	14,60	14,24	13,85	13,46	13,04	12,62	12,19	11,75	20,31
21/06/2019 10:45:00	19,66	19,32	18,91	18,50	18,11	17,69	17,25	16,79	16,38	15,99	15,56	15,15	14,74	14,35	13,95	13,55	13,15	12,73	12,30	11,86	11,42	20,52
21/06/2019 10:50:00	19,70	19,30	18,88	18,45	17,99	17,55	17,14	16,79	16,39	15,96	15,55	15,16	14,78	14,41	14,04	13,65	13,27	12,86	12,45	12,01	11,58	20,84
21/06/2019 10:55:00	19,81	19,44	18,99	18,53	18,06	17,60	17,17	16,80	16,41	16,01	15,59	15,20	14,80	14,44	14,07	13,69	13,32	12,91	12,51	12,08	11,66	20,82
21/06/2019 11:00:00	19,97	19,49	19,02	18,56	18,11	17,70	17,30	16,89	16,45	16,00	15,59	15,20	14,81	14,43	14,05	13,65	13,25	12,82	12,40	11,95	11,50	21,16
21/06/2019 11:05:00	20,04	19,52	19,08	18,67	18,25	17,83	17,41	16,98	16,56	16,15	15,74	15,34	14,94	14,56	14,18	13,78	13,38	12,95	12,52	12,07	11,62	20,80
21/06/2019 11:10:00	20,14	19,62	19,19	18,77	18,31	17,88	17,45	17,04	16,61	16,18	15,80	15,44	15,07	14,70	14,34	13,94	13,55	13,13	12,71	12,26	11,82	21,06
21/06/2019 11:15:00	20,21	19,68	19,23	18,82	18,39	17,93	17,49	17,13	16,71	16,26	15,81	15,40	14,98	14,58	14,18	13,78	13,38	12,95	12,51	12,06	11,60	21,16
21/06/2019 11:20:00	20,28	19,76	19,34	18,91	18,40	17,97	17,57	17,13	16,67	16,22	15,77	15,35	14,93	14,53	14,13	13,72	13,31	12,88	12,44	11,99	11,53	22,17
21/06/2019 11:25:00	20,38	19,95	19,45	18,95	18,47	17,95	17,44	16,97	16,52	16,08	15,67	15,27	14,87	14,49	14,11	13,71	13,31	12,89	12,47	12,04	11,60	21,46
21/06/2019 11:30:00	20,39	19,93	19,50	19,06	18,59	18,07	17,56	17,11	16,65	16,17	15,73	15,30	14,87	14,46	14,06	13,64	13,23	12,79	12,36	11,91	11,46	21,17
21/06/2019 11:35:00	20,38	19,98	19,53	19,10	18,69	18,26	17,81	17,34	16,90	16,47	16,01	15,58	15,14	14,73	14,31	13,90	13,48	13,04	12,60	12,13	11,67	21,11
21/06/2019 11:40:00	20,46	19,98	19,55	19,10	18,63	18,10	17,58	17,16	16,72	16,26	15,84	15,44	15,04	14,65	14,26	13,86	13,46	13,03	12,61	12,17	11,73	21,64
21/06/2019 11:45:00	20,49	20,09	19,66	19,22	18,75	18,24	17,73	17,27	16,84	16,44	15,99	15,57	15,14	14,74	14,35	13,95	13,54	13,12	12,70	12,26	11,82	21,85
21/06/2019 11:50:00	20,73	20,20	19,75	19,33	18,89	18,44	17,99	17,56	17,10	16,63	16,16	15,72	15,28	14,86	14,44	14,02	13,59	13,14	12,69	12,22	11,75	22,11
21/06/2019 11:55:00	20,73	20,28	19,80	19,33	18,88	18,41	17,92	17,39	16,90	16,43	16,02	15,61	15,21	14,81	14,41	13,99	13,57	13,12	12,67	12,21	11,74	22,21
21/06/2019 12:00:00	20,88	20,33	19,86	19,38	18,87	18,38	17,91	17,45	17,01	16,59	16,16	15,75	15,34	14,95	14,56	14,16	13,76	13,34	12,91	12,47	12,02	22,65
21/06/2019 12:05:00	20,87	20,46	20,02	19,55	19,02	18,59	18,17	17,65	17,17	16,72	16,28	15,86	15,43	15,03	14,62	14,21	13,79	13,35	12,91	12,44	11,98	22,24
21/06/2019 12:10:00	20,80	20,43	19,96	19,50	19,06	18,57	18,07	17,62	17,17	16,73	16,29	15,87	15,45	15,05	14,65	14,24	13,83	13,39	12,95	12,49	12,03	22,04
21/06/2019 12:15:00	20,78	20,39	19,93	19,49	19,09	18,68	18,26	17,82	17,36	16,88	16,44	16,01	15,58	15,17	14,76	14,34	13,91	13,45	13,00	12,51	12,03	21,92
21/06/2019 12:20:00	20,96	20,45	20,00	19,54	19,05	18,62	18,20	17,78	17,32	16,84	16,41	16,01	15,61	15,21	14,82	14,41	14,00	13,56	13,11	12,65	12,18	22,00
21/06/2019 12:25:00	21,05	20,62	20,15	19,67	19,17	18,66	18,16	17,66	17,19	16,73	16,29	15,87	15,45	15,04	14,64	14,23	13,81	13,37	12,93	12,48	12,02	22,08
21/06/2019 12:30:00	21,03	20,51	20,11	19,69	19,19	18,75	18,31	17,81	17,35	16,93	16,49	16,07	15,65	15,24	14,84	14,42	14,01	13,57	13,12	12,66	12,20	21,98
21/06/2019 12:35:00	21,00	20,50	20,09	19,68	19,20	18,74	18,27	17,75	17,27	16,81	16,36	15,93	15,49	15,07	14,65	14,22	13,79	13,34	12,89	12,41	11,94	22,19
21/06/2019 12:40:00	20,97	20,53	20,09	19,65	19,18	18,73	18,27	17,77	17,31	16,89	16,47	16,06	15,64	15,25	14,85	14,44	14,03	13,58	13,14	12,68	12,22	21,59
21/06/2019 12:45:00	21,08	20,61	20,13	19,65	19,16	18,66	18,16	17,63	17,15	16,73	16,33	15,95	15,56	15,18	14,79	14,38	13,97	13,54	13,11	12,66	12,21	22,06
21/06/2019 12:50:00	21,11	20,56	20,09	19,61	19,08	18,64	18,22	17,73	17,26	16,80	16,39	16,00	15,60	15,22	14,83	14,42	14,01	13,57	13,13	12,67	12,21	22,12
21/06/2019 12:55:00	21,27	20,68	20,13	19,61	19,17	18,66	18,16	17,73	17,30	16,85	16,41	16,00	15,59	15,20	14,80	14,40	14,00	13,56	13,12	12,66	12,21	22,52
21/06/2019 13:00:00	21,09	20,68	20,20	19,69	19,14	18,59	18,07	17,60	17,14	16,71	16,31	15,94	15,56	15,19	14,83	14,43	14,04	13,62	13,20	12,77	12,33	22,26
21/06/2019 13:05:00	21,09	20,64	20,19	19,72	19,22	18,75	18,30	17,83	17,36	16,89	16,45	16,03	15,60	15,20	14,80	14,38	13,96	13,52	13,07	12,61	12,14	22,44
21/06/2019 13:10:00	21,08	20,56	20,13	19,68	19,17	18,73	18,33	17,92	17,49	17,02	16,58	16,16	15,75	15,35	14,96	14,55	14,15	13,71	13,27	12,80	12,34	22,43
21/06/2019 13:15:00	21,25	20,71	20,25	19,77	19,24	18,77	18,32	17,81	17,34	16,89	16,50	16,11	15,73	15,36	14,98	14,57	14,16	13,72	13,29	12,83	12,38	22,36
21/06/2019 13:20:00	21,39	20,73	20,20	19,70	19,23	18,80	18,39	17,99	17,58	17,16	16,76	16,38	16,00	15,64	15,27	14,88	14,49	14,06	13,63	13,18	12,72	23,20
21/06/2019 13:25:00	21,41	20,86	20,38	19,91	19,42	18,97	18,53	18,09	17,65	17,22	16,77	16,34	15,91	15,51	15,11	14,70	14,29	13,85	13,40	12,94	12,47	22,54
21/06/2019 13:30:00	21,50	20,98	20,46	19,93	19,37	18,88	18,42	17,94	17,50	17,09	16,69	16,30	15,92	15,55	15,18	14,79	14,40	13,98	13,55	13,11	12,66	23,25
21/06/2019 13:35:00	21,69	21,01	20,49	20,01	19,52	19,11	18,70	18,24	17,77	17,28	16,85	16,43	16,02	15,61	15,21	14,79	14,37	13,91	13,45	12,96	12,47	23,59
21/06/2019 13:40:00	21,77	21,17	20,66	20,15	19,66	19,16	18,64	18,12	17,65	17,21	16,80	16,40	16,00	15,61	15,22	14,80	14,39	13,95	13,50	13,04	12,58	23,26
21/06/2019 13:45:00	21,74	21,09	20,59	20,12	19,65	19,17	18,70	18,27	17,82	17,37	16,94	16,53	16,12	15,73	15,33	14,92	14,51	14,06	13,62	13,15	12,68	23,24
21/06/2019 13:50:00	21,73	21,20	20,72	20,24	19,75	19,26	18,76	18,28	17,77	17,23	16,84	16,47	16,10	15,71	15,33	14,90	14,46	14,01	13,55	13,07	12,59	23,69
21/06/2019 13:55:00	21,66	21,22	20,68	20,15	19,66	19,21	18,76	18,24	17,76	17,31	16,91	16,53	16,15	15,77	15,39	14,98	14,57	14,12	13,67	13,20	12,73	23,58
21/06/2019 14:00:00	22,01	21,25	20,68	20,17	19,75	19,28	18,80	18,36	17,95	17,55	17,14	16,74	16,35	15,96	15,58	15,18	14,78	14,34	13,90	13,43	12,96	23,81
21/06/2019 14:05:00	21,87	21,30	20,81	20,33	19,83	19,31	18,79	18,32	17,90	17,52	17,10	16,69	16,28	15,89	15,50	15,11	14,71	14,28	13,85	13,40	12,96	23,59
21/06/2019 14:10:00	21,77	21,17	20,63	20,13	19,68	19,21	18,74	18,30	17,86	17,42	17,02	16,64	16,25	15,88	15,50	15,09	14,69	14,24	13,80	13,33	12,87	22,66
21/06/2019 14:15:00	21,87	21,21	20,71	20,26	19,86	19,45	19,02	18,58	18,12	17,64	17,21	16,80	16,38	15,98	15,57	15,14	14,71	14,24	13,77	13,27	12,77	24,51
21/06/2019 14:20:00	21,74	21,16	20,64	20,15	19,67	19,21	18,77	18,35	17,94	17,55	17,16	16,78	16,41	16,04	15,68	15,29	14,90	14,47	14,04	13,59	13,13	22,76
21/06/2019 14:25:00	21,89	21,44	20,92	20,40	19,95	19,43	18,91	18,44	18,01	17,60	17,14	16,71	16,28	15,88	15,47	15,06	14,65	14,21	13,77	13,30	12,84	23,85
21/06/2019 14:30:00	21,89	21,40	20,84	20,31	19,85	19,42	18,97	18,46	18,01	17,63	17,22	16,83	16,43	16,05	15,67	15,26	14,86	14,42	13,97	13,50	13,03	23,09
21/06/2019 14:35:00	22,02	21,50	21,05	20,62	20,17	19,74	19,31	18,87	18,40	17,89	17,39	16,92	16,44	16,00	15,56	15,12	14,67	14,19	13,71	13,21	12,70	24,18
21/06/2019 14:40:00	21,87	21,48	21,03	20,57	20,08	19,61	19,14	18,64	18,16	17,70	17,30	16,92	16,54	16,15	15,77	15,35	14,93	14,48	14,02	13,55	13,07	22,99
21/06/2019 14:45:00	21,77	21,20	20,73	20,27	19,83	19,38	18,94	18,57	18,15	17,69	17,33	16,98	16,64	16,29	15,93	15,53	15,13	14,69	14,25	13,79	13,32	22,30
21/06/2019 14:50:00	21,70	21,32	20,83	20,36	19,94	19,51	19,07	18,62	18,19	17,79	17,40	17,02	16,65	16,27	15,90	15,50	15,09	14,65	14,20	13,73	13,26	22,55
21/06/2019 14:55:00	21,95	21,36	20,85	20,36	19,87	19,45	19,06	18,64	18,19	17,72	17,34	16,98	16,63	16,26	15,90	15,49	15,09	14,64	14,19	13,72	13,24	23,34
21/06/2019 15:00:00	22,00	21,47	20,97	20,47	19,98	19,50	19,05	18,65	18,21	17,73	17,33	16,95	16,57	16,19	15,82	15,41	15,01	14,56	14,12	13,64	13,17	24,23
21/06/2019 15:05:00	22,29	21,80	21,24	20,65	20,09	19,58	19,09	18,60	18,11	17,62	17,24	16,89	16,54	16,18	15,81	15,41	15,00	14,56	14,12	13,66	13,19	24,28
21/06/2019 15:10:00	22,13	21,56	21,06	20,59	20,14	19,72	19,29	18,85	18,40	17,96	17,54	17,13	16,72	16,32	15,92	15,51	15,09	14,63	14,17	13,68	13,19	23,34
21/06/2019 15:15:00	22,26	21,78	21,26	20,71	20,16	19,66	19,17	18,65	18,16	17,72	17,32	16,94	16,56	16,18	15,80	15,39	14,98	14,54	14,10	13,63	13,17	23,95
21/06/2019 15:20:00	22,47	21,71	21,20	20,71	20,20	19,73	19,29	18,86	18,43	18,01	17,57	17,15	16,73	16,34	15,94	15,54	15,13	14,69	14,24	13,77	13,29	24,54
21/06/2019 15:25:00	22,38	21,81	21,34	20,85	20,31	19,79	19,29	18,79	18,35	17,94	17,52	17,11	16,71	16,32	15,93	15,52	15,12	14,68	14,24	13,78	13,32	23,93
21/06/2019 15:30:00	22,44	21,84	21,33	20,85	20,44	19,99	19,54	19,09	18,66	18,25	17,80	17,37	16,93	16,52	16,11	15,69	15,27	14,81	14,35	13,86	13,37	24,81
21/06/2019 15:35:00	22,53	21,80	21,33	20,89	20,49	20,02	19,54	19,12	18,71	18,30	17,82	17,36	16,90	16,47	16,05	15,63	15,21	14,74	14,28	13,79	13,30	23,76
21/06/2019 15:40:00	22,45	21,88	21,38	20,91	20,48	20,02	19,55	19,06	18,60	18,17	17,75	17,34	16,94	16,54	16,15	15,72	15,30	14,84	14,37	13,88	13,39	23,70
21/06/2019 15:45:00	22,35	21,83	21,32	20,83	20,40	19,95	19,49	19,07	18,66	18,24	17,81	17,41	17,00	16,61	16,22	15,81	15,40	14,95	14,50	14,01	13,53	23,11
21/06/2019 15:50:00	22,66	21,95	21,46	20,98	20,49	20,03	19,58	19,15	18,72	18,31	17,85	17,40	16,96	16,55	16,14	15,73	15,32	14,86	14,41	13,92	13,44	24,85
21/06/2019 15:55:00	22,71	22,10	21,60	21,11	20,59	20,10	19,63	19,19	18,77	18,37	17,94	17,52	17,10	16,71	16,32	15,92	15,52	15,07	14,63	14,16	13,68	24,58
21/06/2019 16:00:00	22,51	21,82	21,34	20,90	20,48	20,03	19,57	19,15	18,75	18,38	17,94	17,51	17,08	16,68	16,28	15,88	15,47	15,02	14,56	14,08	13,60	23,86
21/06/2019 16:05:00	22,60	22,11	21,54	20,98	20,51	20,05	19,59	19,12	18,65	18,18	17,79	17,43	17,07	16,70	16,33	15,92	15,50	15,04	14,59	14,10	13,62	24,40
21/06/2019 16:10:00	22,62	22,03	21,44	20,89	20,46	19,96	19,44	19,01	18,58	18,14	17,75	17,38	17,01	16,64	16,28	15,87	15,47	15,02	14,57	14,09	13,62	23,91
21/06/2019 16:15:00	22,70	21,99	21,48	21,01	20,57	20,10	19,63	19,20	18,75	18,29	17,84	17,41	16,98	16,57	16,16	15,74	15,31	14,85	14,38	13,88	13,38	24,60
21/06/2019 16:20:00	22,58	21,91	21,42	20,96	20,51	20,08	19,67	19,26	18,84	18,42	17,98	17,56	17,13	16,73	16,33	15,92	15,51	15,05	14,59	14,10	13,61	24,75
21/06/2019 16:25:00	22,60	22,05	21,55	21,07	20,62	20,16	19,72	19,31	18,88	18,41	17,98	17,58	17,18	16,78	16,39	15,97	15,55	15,09	14,63	14,14	13,65	24,54
21/06/2019 16:30:00	22,54	21,96	21,54	21,14	20,71	20,27	19,83	19,39	18,95	18,48	18,04	17,61	17,19	16,77	16,36	15,93	15,50	15,02	14,55	14,05	13,55	23,87
21/06/2019 16:35:00	22,74	22,07	21,56	21,06	20,58	20,13	19,70	19,21	18,76	18,33	17,93	17,55	17,16	16,78	16,40	15,98	15,57	15,11	14,66	14,17	13,69	24,23
21/06/2019 16:40:00	22,56	21,96	21,51	21,07	20,60	20,16	19,73	19,27	18,82	18,38	17,96	17,55	17,14	16,74	16,34	15,92	15,50	15,04	14,57	14,08	13,59	23,82
21/06/2019 16:45:00	22,58	21,96	21,47	21,01	20,58	20,14	19,69	19,29	18,89	18,48	18,02	17,57	17,13	16,72	16,31	15,89	15,48	15,02	14,56	14,06	13,57	23,30
21/06/2019 16:50:00	22,35	21,99	21,52	21,06	20,62	20,14	19,66	19,22	18,77	18,32	17,91	17,52	17,12	16,73	16,34	15,93	15,51	15,05	14,59	14,10	13,62	23,20
21/06/2019 16:55:00	22,13	21,82	21,41	20,99	20,57	20,10	19,63	19,24	18,83	18,39	17,97	17,56	17,16	16,77	16,37	15,96	15,55	15,09	14,63	14,15	13,67	22,59
21/06/2019 17:00:00	22,36	22,14	21,74	21,32	20,88	20,47	20,07	19,63	19,21	18,81	18,39	17,98	17,58	17,18	16,79	16,38	15,97	15,51	15,04	14,55	14,06	22,56
21/06/2019 17:05:00	22,55	22,36	21,98	21,57	21,09	20,61	20,16	19,76	19,30	18,78	18,39	18,02	17,66	17,29	16,91	16,48	16,06	15,59	15,12	14,63	14,14	22,60
21/06/2019 17:10:00	22,54	22,35	21,94	21,53	21,11	20,67	20,21	19,77	19,35	18,95	18,53	18,13	17,73	17,34	16,95	16,53	16,12	15,65	15,19	14,70	14,21	22,77
21/06/2019 17:15:00	22,78	22,39	21,94	21,50	21,09	20,67	20,23	19,77	19,33	18,92	18,51	18,12	17,72	17,33	16,94	16,52	16,10	15,63	15,17	14,67	14,17	23,02
21/06/2019 17:20:00	23,00	22,64	22,21	21,78	21,38	20,96	20,53	20,12	19,70	19,28	18,90	18,54	18,18	17,81	17,44	17,02	16,60	16,14	15,67	15,17	14,67	23,01
21/06/2019 17:25:00	23,00	22,71	22,27	21,83	21,42	20,97	20,51	20,11	19,70	19,27	18,85	18,45	18,05	17,66	17,26	16,85	16,43	15,96	15,49	15,00	14,50	23,03
21/06/2019 17:30:00	23,40	22,89	22,45	22,03	21,56	21,11	20,67	20,23	19,78	19,33	18,92	18,52	18,13	17,74	17,34	16,92	16,49	16,01	15,54	15,03	14,53	24,33
21/06/2019 17:35:00	23,49	22,96	22,54	22,13	21,68	21,24	20,82	20,38	19,93	19,45	18,98	18,53	18,08	17,65	17,23	16,78	16,34	15,85	15,36	14,83	14,31	24,23
21/06/2019 17:40:00	23,59	23,03	22,57	22,11	21,66	21,26	20,87	20,40	19,95	19,52	19,12	18,73	18,34	17,95	17,56	17,13	16,71	16,23	15,75	15,24	14,73	25,06
21/06/2019 17:45:00	23,57	22,98	22,55	22,10	21,60	21,14	20,70	20,30	19,89	19,44	19,01	18,59	18,17	17,77	17,38	16,96	16,54	16,07	15,60	15,10	14,60	24,63
21/06/2019 17:50:00	23,63	23,07	22,60	22,14	21,67	21,21	20,76	20,32	19,89	19,45	19,04	18,63	18,23	17,84	17,45	17,03	16,60	16,13	15,66	15,16	14,66	24,51
21/06/2019 17:55:00	23,59	22,96	22,48	22,03	21,60	21,19	20,77	20,32	19,88	19,45	19,06	18,69	18,31	17,93	17,55	17,12	16,70	16,22	15,74	15,23	14,72	24,53
21/06/2019 18:00:00	23,18	22,86	22,42	22,01	21,58	21,15	20,70	20,24	19,81	19,41	19,00	18,59	18,19	17,79	17,40	16,97	16,55	16,08	15,60	15,10	14,60	23,72
21/06/2019 18:05:00	22,87	22,81	22,43	21,99	21,53	21,10	20,68	20,21	19,76	19,35	18,94	18,56	18,17	17,79	17,41	16,99	16,57	16,10	15,63	15,14	14,65	22,54
21/06/2019 18:10:00	22,47	22,41	22,04	21,63	21,25	20,75	20,23	19,86	19,45	19,00	18,60	18,23	17,85	17,47	17,10	16,68	16,26	15,80	15,34	14,85	14,37	22,48
21/06/2019 18:15:00	22,35	22,38	22,01	21,59	21,15	20,70	20,25	19,80	19,34	18,89	18,49	18,12	17,74	17,36	16,98	16,56	16,14	15,67	15,20	14,71	14,22	22,43
21/06/2019 18:20:00	22,60	22,25	21,88	21,50	21,10	20,71	20,29	19,83	19,38	18,94	18,58	18,22	17,86	17,49	17,11	16,69	16,26	15,79	15,31	14,81	14,31	23,25
21/06/2019 18:25:00	22,79	22,44	21,97	21,53	21,18	20,74	20,26	19,84	19,42	19,00	18,59	18,19	17,79	17,40	17,01	16,59	16,17	15,69	15,22	14,72	14,22	24,01
21/06/2019 18:30:00	23,01	22,47	22,03	21,59	21,16	20,75	20,34	19,92	19,51	19,12	18,71	18,31	17,92	17,53	17,14	16,73	16,32	15,86	15,40	14,90	14,41	24,09
21/06/2019 18:35:00	23,02	22,44	21,97	21,53	21,13	20,72	20,29	19,77	19,34	19,02	18,67	18,31	17,95	17,58	17,22	16,81	16,41	15,95	15,50	15,01	14,53	24,20
21/06/2019 18:40:00	23,07	22,56	22,14	21,70	21,19	20,73	20,29	19,81	19,37	18,98	18,56	18,16	17,76	17,37	16,98	16,56	16,15	15,69	15,24	14,75	14,27	23,94
21/06/2019 18:45:00	23,10	22,60	22,11	21,65	21,19	20,73	20,27	19,80	19,36	18,96	18,58	18,20	17,83	17,45	17,08	16,67	16,25	15,79	15,33	14,85	14,36	24,14
21/06/2019 18:50:00	23,02	22,49	21,99	21,52	21,07	20,67	20,29	19,85	19,44	19,06	18,70	18,35	18,00	17,64	17,29	16,89	16,49	16,04	15,58	15,10	14,61	24,35
21/06/2019 18:55:00	22,97	22,50	22,06	21,62	21,17	20,74	20,32	19,92	19,52	19,12	18,73	18,36	17,98	17,61	17,25	16,84	16,44	15,98	15,52	15,04	14,55	23,78
21/06/2019 19:00:00	23,00	22,39	21,97	21,59	21,16	20,80	20,44	19,99	19,54	19,10	18,71	18,34	17,96	17,58	17,19	16,76	16,33	15,85	15,37	14,86	14,34	24,13
21/06/2019 19:05:00	22,97	22,59	22,14	21,67	21,19	20,76	20,35	19,84	19,38	18,98	18,60	18,24	17,87	17,50	17,13	16,71	16,30	15,84	15,37	14,89	14,40	23,89
21/06/2019 19:10:00	22,97	22,55	22,14	21,73	21,29	20,80	20,30	19,89	19,47	19,03	18,62	18,23	17,83	17,45	17,06	16,64	16,22	15,76	15,30	14,81	14,32	24,12
21/06/2019 19:15:00	23,01	22,48	22,02	21,60	21,22	20,83	20,44	20,02	19,59	19,14	18,75	18,38	18,00	17,62	17,24	16,81	16,39	15,91	15,43	14,92	14,40	23,91
21/06/2019 19:20:00	22,99	22,54	22,15	21,76	21,31	20,87	20,43	19,95	19,51	19,09	18,68	18,28	17,88	17,49	17,09	16,66	16,24	15,76	15,29	14,80	14,30	24,23
21/06/2019 19:25:00	22,97	22,52	22,13	21,74	21,33	20,93	20,53	20,10	19,68	19,26	18,83	18,42	18,00	17,60	17,20	16,77	16,34	15,87	15,39	14,88	14,37	24,21
21/06/2019 19:30:00	23,01	22,50	22,07	21,64	21,14	20,73	20,35	19,92	19,54	19,23	18,80	18,38	17,96	17,58	17,19	16,80	16,40	15,96	15,51	15,03	14,56	23,92
21/06/2019 19:35:00	22,95	22,50	22,11	21,69	21,25	20,79	20,32	19,86	19,42	19,03	18,63	18,24	17,85	17,47	17,09	16,67	16,25	15,79	15,33	14,84	14,36	23,79
21/06/2019 19:40:00	22,90	22,48	22,04	21,61	21,14	20,72	20,32	19,88	19,43	18,98	18,62	18,29	17,95	17,59	17,24	16,82	16,41	15,94	15,48	14,99	14,50	24,08
21/06/2019 19:45:00	22,95	22,48	22,06	21,67	21,27	20,83	20,36	19,94	19,51	19,06	18,68	18,31	17,94	17,56	17,19	16,76	16,34	15,86	15,39	14,89	14,39	23,77
21/06/2019 19:50:00	22,92	22,46	22,06	21,67	21,25	20,84	20,44	20,02	19,62	19,23	18,79	18,36	17,93	17,53	17,12	16,71	16,29	15,82	15,35	14,85	14,34	23,63
21/06/2019 19:55:00	22,90	22,50	22,09	21,65	21,18	20,72	20,28	19,89	19,49	19,06	18,68	18,32	17,95	17,59	17,22	16,82	16,42	15,97	15,51	15,03	14,55	23,75
21/06/2019 20:00:00	23,23	22,77	22,36	21,94	21,52	21,06	20,60	20,21	19,85	19,51	19,08	18,66	18,23	17,84	17,45	17,05	16,65	16,20	15,74	15,26	14,77	23,67
21/06/2019 20:05:00	23,16	22,72	22,34	21,95	21,54	21,14	20,72	20,28	19,85	19,45	19,06	18,67	18,29	17,91	17,53	17,10	16,68	16,21	15,73	15,23	14,73	23,77
21/06/2019 20:10:00	23,10	22,75	22,37	21,97	21,58	21,16	20,73	20,30	19,90	19,53	19,09	18,66	18,23	17,82	17,41	16,99	16,57	16,10	15,63	15,13	14,63	23,41
21/06/2019 20:15:00	23,01	22,78	22,45	22,08	21,65	21,18	20,70	20,24	19,82	19,43	19,03	18,62	18,22	17,83	17,43	17,01	16,59	16,13	15,66	15,17	14,68	23,53
21/06/2019 20:20:00	22,99	22,73	22,33	21,92	21,53	21,10	20,65	20,23	19,83	19,45	19,04	18,64	18,24	17,85	17,46	17,04	16,63	16,16	15,69	15,19	14,70	23,49
21/06/2019 20:25:00	23,00	22,68	22,30	21,92	21,54	21,12	20,68	20,30	19,91	19,51	19,14	18,78	18,42	18,05	17,69	17,28	16,86	16,40	15,94	15,44	14,95	23,51
21/06/2019 20:30:00	22,94	22,65	22,28	21,90	21,51	21,12	20,71	20,30	19,90	19,51	19,11	18,72	18,32	17,94	17,55	17,13	16,72	16,25	15,78	15,27	14,77	23,39
21/06/2019 20:35:00	22,87	22,63	22,33	21,97	21,50	21,05	20,61	20,20	19,82	19,46	19,05	18,64	18,23	17,85	17,46	17,06	16,65	16,20	15,75	15,28	14,80	23,18
21/06/2019 20:40:00	22,90	22,66	22,31	21,93	21,47	21,03	20,60	20,19	19,77	19,34	19,00	18,67	18,35	18,00	17,66	17,25	16,84	16,38	15,93	15,44	14,96	23,33
21/06/2019 20:45:00	22,76	22,69	22,31	21,89	21,44	20,98	20,53	20,10	19,69	19,29	18,96	18,65	18,34	18,00	17,67	17,27	16,87	16,42	15,97	15,50	15,03	23,13
21/06/2019 20:50:00	22,70	22,64	22,31	21,93	21,48	21,10	20,73	20,27	19,83	19,42	19,05	18,69	18,34	17,97	17,60	17,18	16,77	16,30	15,83	15,33	14,84	23,13
21/06/2019 20:55:00	22,73	22,56	22,22	21,85	21,47	21,07	20,67	20,24	19,83	19,42	19,07	18,73	18,39	18,03	17,67	17,25	16,84	16,37	15,91	15,41	14,92	22,93
21/06/2019 21:00:00	22,62	22,52	22,17	21,80	21,44	21,06	20,66	20,24	19,82	19,44	19,06	18,70	18,34	17,97	17,60	17,18	16,77	16,30	15,83	15,33	14,83	22,87
21/06/2019 21:05:00	22,74	22,77	22,50	22,16	21,72	21,27	20,82	20,36	19,93	19,55	19,18	18,83	18,48	18,12	17,75	17,34	16,92	16,46	16,00	15,52	15,04	22,81
21/06/2019 21:10:00	22,72	22,76	22,42	22,03	21,62	21,17	20,71	20,30	19,89	19,49	19,15	18,83	18,50	18,16	17,81	17,40	17,00	16,54	16,09	15,61	15,13	22,39
21/06/2019 21:15:00	22,68	22,69	22,40	22,07	21,72	21,31	20,89	20,51	20,11	19,67	19,27	18,90	18,52	18,14	17,76	17,33	16,90	16,43	15,95	15,44	14,93	22,38
21/06/2019 21:20:00	22,58	22,68	22,43	22,10	21,68	21,27	20,84	20,37	19,95	19,58	19,20	18,83	18,45	18,08	17,70	17,28	16,86	16,40	15,93	15,44	14,95	22,25
21/06/2019 21:25:00	22,54	22,68	22,42	22,08	21,70	21,30	20,90	20,46	20,04	19,64	19,26	18,89	18,52	18,14	17,76	17,34	16,92	16,45	15,98	15,48	14,98	21,99
21/06/2019 21:30:00	22,47	22,64	22,41	22,09	21,59	21,17	20,78	20,32	19,91	19,55	19,18	18,81	18,45	18,08	17,72	17,31	16,90	16,45	16,00	15,52	15,05	21,66
21/06/2019 21:35:00	22,09	22,36	22,07	21,73	21,37	20,97	20,55	20,13	19,73	19,36	18,99	18,62	18,26	17,89	17,52	17,11	16,70	16,24	15,77	15,29	14,80	21,77
21/06/2019 21:40:00	22,10	22,36	22,09	21,72	21,23	20,80	20,39	19,93	19,51	19,15	18,78	18,43	18,07	17,71	17,36	16,96	16,56	16,11	15,67	15,20	14,73	21,61
21/06/2019 21:45:00	22,04	22,35	22,09	21,74	21,30	20,86	20,42	19,99	19,56	19,14	18,75	18,39	18,02	17,65	17,28	16,86	16,45	15,99	15,53	15,05	14,56	21,54
21/06/2019 21:50:00	21,83	22,06	21,77	21,40	20,95	20,48	20,02	19,56	19,14	18,78	18,42	18,08	17,74	17,38	17,03	16,63	16,23	15,79	15,35	14,90	14,44	21,37
21/06/2019 21:55:00	21,75	22,05	21,75	21,36	20,92	20,54	20,16	19,68	19,25	18,88	18,50	18,13	17,77	17,40	17,03	16,62	16,22	15,76	15,31	14,84	14,36	21,34
21/06/2019 22:00:00	21,65	21,96	21,74	21,43	21,03	20,62	20,20	19,78	19,40	19,04	18,61	18,19	17,77	17,37	16,97	16,56	16,15	15,69	15,24	14,76	14,28	21,12
21/06/2019 22:05:00	21,28	21,72	21,48	21,15	20,73	20,28	19,83	19,37	18,93	18,52	18,16	17,81	17,46	17,10	16,73	16,32	15,90	15,45	15,00	14,53	14,06	21,12
21/06/2019 22:10:00	21,29	21,63	21,42	21,15	20,81	20,35	19,88	19,49	19,08	18,64	18,26	17,89	17,51	17,14	16,76	16,33	15,91	15,45	14,99	14,51	14,02	20,99
21/06/2019 22:15:00	21,18	21,68	21,52	21,20	20,71	20,28	19,86	19,38	18,93	18,51	18,13	17,77	17,41	17,04	16,67	16,25	15,84	15,39	14,94	14,47	14,01	21,06
21/06/2019 22:20:00	21,21	21,72	21,49	21,15	20,71	20,21	19,72	19,31	18,88	18,45	18,10	17,78	17,45	17,10	16,76	16,35	15,95	15,51	15,07	14,62	14,16	20,98
21/06/2019 22:25:00	21,21	21,67	21,44	21,13	20,75	20,34	19,90	19,43	18,98	18,55	18,18	17,82	17,47	17,09	16,72	16,29	15,87	15,40	14,93	14,45	13,97	20,91
21/06/2019 22:30:00	21,17	21,66	21,47	21,16	20,70	20,20	19,72	19,29	18,87	18,48	18,09	17,73	17,36	17,00	16,63	16,22	15,82	15,38	14,94	14,48	14,03	20,74
21/06/2019 22:35:00	21,15	21,69	21,41	21,03	20,58	20,15	19,74	19,30	18,88	18,49	18,17	17,88	17,59	17,26	16,94	16,54	16,15	15,72	15,28	14,83	14,37	20,71
21/06/2019 22:40:00	21,17	21,62	21,41	21,10	20,68	20,21	19,73	19,26	18,81	18,40	18,06	17,73	17,40	17,05	16,69	16,27	15,86	15,41	14,96	14,50	14,04	20,91
21/06/2019 22:45:00	21,08	21,70	21,44	21,05	20,61	20,18	19,73	19,23	18,80	18,43	18,07	17,72	17,38	17,02	16,67	16,26	15,86	15,42	14,98	14,52	14,06	20,84
21/06/2019 22:50:00	21,16	21,64	21,47	21,20	20,82	20,34	19,83	19,38	18,95	18,54	18,12	17,71	17,30	16,90	16,50	16,07	15,64	15,18	14,72	14,25	13,77	20,89
21/06/2019 22:55:00	21,26	21,73	21,45	21,07	20,68	20,22	19,76	19,34	18,90	18,47	18,11	17,77	17,43	17,07	16,71	16,30	15,89	15,44	14,99	14,52	14,06	20,93
21/06/2019 23:00:00	21,26	21,57	21,33	21,01	20,65	20,20	19,73	19,31	18,89	18,50	18,13	17,77	17,41	17,05	16,68	16,27	15,85	15,40	14,95	14,48	14,01	20,77
21/06/2019 23:05:00	21,09	21,61	21,36	21,01	20,64	20,22	19,79	19,35	18,91	18,46	18,11	17,79	17,46	17,10	16,75	16,33	15,91	15,45	15,00	14,52	14,04	20,51
21/06/2019 23:10:00	20,90	21,54	21,45	21,20	20,73	20,28	19,85	19,41	18,96	18,52	18,11	17,73	17,35	16,96	16,57	16,15	15,72	15,27	14,81	14,35	13,88	20,58
21/06/2019 23:15:00	20,85	21,52	21,35	21,06	20,67	20,23	19,78	19,31	18,87	18,46	18,07	17,69	17,32	16,94	16,55	16,13	15,71	15,25	14,79	14,32	13,85	19,82
21/06/2019 23:20:00	20,43	21,46	21,41	21,18	20,80	20,32	19,83	19,38	18,91	18,44	18,05	17,68	17,31	16,93	16,54	16,10	15,66	15,20	14,73	14,26	13,78	19,63
21/06/2019 23:25:00	19,91	21,40	21,45	21,26	20,90	20,48	20,04	19,58	19,10	18,63	18,21	17,81	17,42	17,01	16,61	16,16	15,71	15,24	14,76	14,28	13,79	19,54
21/06/2019 23:30:00	20,08	21,50	21,49	21,25	20,78	20,28	19,79	19,31	18,83	18,37	17,97	17,61	17,25	16,87	16,50	16,07	15,64	15,19	14,73	14,28	13,82	19,29
21/06/2019 23:35:00	20,18	21,50	21,43	21,14	20,72	20,22	19,70	19,20	18,76	18,38	17,98	17,61	17,24	16,87	16,49	16,08	15,66	15,22	14,78	14,34	13,90	18,87
21/06/2019 23:40:00	20,37	21,48	21,41	21,13	20,66	20,13	19,61	19,15	18,73	18,36	17,95	17,57	17,20	16,82	16,45	16,05	15,64	15,21	14,78	14,34	13,91	19,54
21/06/2019 23:45:00	20,11	21,45	21,39	21,12	20,65	20,16	19,66	19,15	18,69	18,29	17,93	17,59	17,26	16,90	16,54	16,13	15,71	15,27	14,83	14,39	13,95	19,15
21/06/2019 23:50:00	20,01	21,36	21,31	21,07	20,69	20,17	19,66	19,24	18,78	18,32	17,95	17,60	17,26	16,89	16,52	16,09	15,67	15,22	14,76	14,31	13,85	18,69
21/06/2019 23:55:00	19,78	21,38	21,35	21,10	20,72	20,27	19,79	19,25	18,77	18,35	18,00	17,67	17,34	16,97	16,61	16,18	15,75	15,29	14,84	14,38	13,92	18,52
