FileFormat:0002.2 file with temperature of atmosphere
SN105HE102
local	GMT or Local
0	GMT-Local=[hours]
0	Height[m]
0	0	0	Longitude                [grd]               [min]               [sec]
0	0	0	Latitude                [grd]               [min]               [sec]
N	NS
56,45	Freq[GHz]
0,00	dTemostat[K]
0,150	MessErr[K]
0,248	//[grad/step]
version 14.4.20120406
MTP5HE102F5645K-38.60I70D219217+A1.1
Commentary:
SN105HE102
парабола ДНА = 2,5 град
НЕ102 - ПУ - ХВБ с ЦСД " S "
АЦП - 202 - 09 с контр.U пит.и М
оптопара серии - 2
Т out № 178 пл
БП LPS - 112
End Of Commentary

SYSTEM\summer.dat
data time	0	50	100	150	200	250	300	350	400	450	500	550	600	650	700	750	800	850	900	950	1000	OutsideTemperature
18/06/2019 00:00:00	13,34	13,84	14,62	15,24	15,48	15,49	15,39	15,21	14,90	14,50	13,99	13,43	12,88	12,36	11,84	11,35	10,86	10,36	9,87	9,34	8,82	13,31
18/06/2019 00:05:00	13,24	13,96	14,78	15,41	15,65	15,64	15,52	15,34	15,03	14,62	14,12	13,57	13,03	12,51	12,00	11,50	11,01	10,52	10,02	9,51	8,99	13,22
18/06/2019 00:10:00	13,18	13,66	14,38	14,95	15,18	15,31	15,31	15,20	14,93	14,57	14,08	13,56	13,04	12,55	12,06	11,60	11,14	10,67	10,19	9,68	9,17	13,16
18/06/2019 00:15:00	13,11	13,52	14,19	14,74	15,01	15,15	15,13	14,95	14,72	14,40	13,97	13,49	13,01	12,54	12,08	11,63	11,17	10,70	10,23	9,72	9,22	12,98
18/06/2019 00:20:00	13,06	13,47	14,05	14,51	14,74	14,83	14,77	14,61	14,40	14,11	13,71	13,28	12,84	12,42	11,99	11,56	11,14	10,69	10,25	9,77	9,30	13,04
18/06/2019 00:25:00	13,11	13,58	14,22	14,73	14,94	14,97	14,92	14,82	14,56	14,20	13,73	13,24	12,74	12,27	11,81	11,36	10,92	10,46	10,00	9,52	9,03	13,10
18/06/2019 00:30:00	13,05	13,61	14,31	14,87	15,14	15,18	15,10	14,96	14,66	14,28	13,82	13,30	12,79	12,31	11,82	11,35	10,87	10,39	9,91	9,40	8,90	13,06
18/06/2019 00:35:00	13,21	13,78	14,46	14,95	15,10	15,13	15,08	14,97	14,71	14,36	13,90	13,41	12,93	12,48	12,02	11,58	11,14	10,70	10,25	9,77	9,29	13,27
18/06/2019 00:40:00	13,25	13,82	14,51	15,05	15,28	15,29	15,19	15,03	14,76	14,40	13,89	13,35	12,81	12,32	11,82	11,36	10,89	10,42	9,95	9,45	8,95	13,24
18/06/2019 00:45:00	13,20	13,77	14,49	15,06	15,31	15,34	15,26	15,10	14,85	14,50	14,00	13,48	12,96	12,47	11,98	11,52	11,05	10,58	10,11	9,61	9,11	13,12
18/06/2019 00:50:00	13,16	13,66	14,37	14,94	15,19	15,26	15,21	15,07	14,79	14,42	13,99	13,50	13,01	12,54	12,07	11,60	11,13	10,66	10,18	9,67	9,16	13,39
18/06/2019 00:55:00	13,04	13,61	14,39	15,00	15,27	15,31	15,25	15,12	14,83	14,44	13,95	13,41	12,87	12,36	11,86	11,38	10,90	10,42	9,93	9,42	8,90	12,97
18/06/2019 01:00:00	13,06	13,61	14,32	14,91	15,24	15,35	15,33	15,21	14,95	14,59	14,08	13,53	12,99	12,48	11,98	11,51	11,04	10,55	10,06	9,54	9,02	13,15
18/06/2019 01:05:00	13,00	13,49	14,23	14,85	15,18	15,34	15,32	15,14	14,88	14,55	14,17	13,71	13,25	12,79	12,33	11,85	11,38	10,89	10,41	9,89	9,37	13,05
18/06/2019 01:10:00	13,05	13,43	14,24	14,91	15,24	15,29	15,29	15,27	15,00	14,60	14,07	13,50	12,93	12,42	11,90	11,42	10,94	10,46	9,97	9,44	8,92	12,94
18/06/2019 01:15:00	12,95	13,37	14,13	14,75	15,05	15,18	15,17	15,06	14,85	14,55	14,11	13,63	13,15	12,69	12,23	11,78	11,33	10,86	10,40	9,89	9,39	12,97
18/06/2019 01:20:00	12,95	13,55	14,20	14,72	14,99	15,10	15,09	14,99	14,78	14,47	14,05	13,59	13,13	12,69	12,25	11,82	11,39	10,94	10,49	10,00	9,52	13,04
18/06/2019 01:25:00	12,99	13,49	14,16	14,71	14,98	15,05	15,02	14,92	14,71	14,40	13,96	13,48	13,01	12,56	12,11	11,67	11,23	10,78	10,33	9,84	9,35	13,07
18/06/2019 01:30:00	13,04	13,29	13,91	14,46	14,78	15,05	15,11	14,99	14,77	14,48	14,11	13,68	13,24	12,81	12,38	11,93	11,49	11,02	10,55	10,04	9,53	13,04
18/06/2019 01:35:00	13,04	13,26	13,99	14,64	15,01	15,16	15,21	15,19	14,99	14,68	14,26	13,79	13,32	12,86	12,41	11,97	11,52	11,05	10,58	10,07	9,56	13,01
18/06/2019 01:40:00	13,04	13,26	13,92	14,52	14,88	14,99	15,00	14,95	14,73	14,46	14,15	13,77	13,39	12,99	12,59	12,15	11,72	11,27	10,81	10,32	9,83	12,90
18/06/2019 01:45:00	12,93	13,23	13,87	14,51	15,01	15,22	15,28	15,24	15,06	14,79	14,42	13,98	13,54	13,11	12,67	12,23	11,78	11,31	10,83	10,31	9,79	12,91
18/06/2019 01:50:00	12,95	13,21	13,88	14,49	14,92	15,23	15,36	15,31	15,17	14,91	14,45	13,95	13,45	12,99	12,53	12,09	11,66	11,18	10,71	10,19	9,66	12,97
18/06/2019 01:55:00	12,90	13,26	14,08	14,83	15,32	15,58	15,69	15,71	15,50	15,18	14,75	14,26	13,77	13,29	12,81	12,35	11,88	11,38	10,88	10,33	9,78	12,84
18/06/2019 02:00:00	12,98	13,22	13,94	14,67	15,27	15,49	15,55	15,48	15,28	14,97	14,56	14,07	13,58	13,10	12,62	12,13	11,65	11,14	10,63	10,07	9,52	13,02
18/06/2019 02:05:00	13,00	13,19	14,04	14,77	15,14	15,39	15,48	15,43	15,27	14,98	14,54	14,04	13,54	13,07	12,60	12,14	11,69	11,21	10,73	10,21	9,68	13,09
18/06/2019 02:10:00	12,84	13,10	13,88	14,59	15,07	15,28	15,37	15,38	15,21	14,93	14,54	14,09	13,64	13,19	12,75	12,30	11,86	11,38	10,90	10,38	9,86	12,82
18/06/2019 02:15:00	12,82	13,19	13,89	14,54	15,01	15,20	15,27	15,24	15,10	14,85	14,45	14,01	13,56	13,13	12,69	12,26	11,83	11,36	10,90	10,39	9,88	12,79
18/06/2019 02:20:00	12,72	13,07	13,87	14,60	15,07	15,33	15,40	15,32	15,15	14,88	14,48	14,02	13,55	13,10	12,64	12,18	11,72	11,24	10,75	10,22	9,70	12,86
18/06/2019 02:25:00	12,75	13,07	13,81	14,57	15,20	15,41	15,47	15,44	15,24	14,94	14,55	14,07	13,59	13,11	12,64	12,16	11,69	11,18	10,68	10,12	9,57	12,88
18/06/2019 02:30:00	12,78	13,02	13,84	14,61	15,14	15,41	15,50	15,47	15,29	14,99	14,56	14,07	13,57	13,08	12,60	12,13	11,66	11,16	10,66	10,11	9,56	12,85
18/06/2019 02:35:00	12,67	13,02	13,88	14,65	15,15	15,35	15,42	15,41	15,28	15,01	14,51	13,98	13,45	12,96	12,47	12,01	11,56	11,08	10,60	10,07	9,54	12,78
18/06/2019 02:40:00	12,61	13,05	13,91	14,67	15,14	15,39	15,49	15,46	15,24	14,92	14,49	13,99	13,50	13,02	12,53	12,06	11,59	11,09	10,60	10,05	9,51	12,75
18/06/2019 02:45:00	12,84	13,27	14,25	15,09	15,58	15,82	15,89	15,83	15,58	15,21	14,71	14,14	13,57	13,03	12,50	11,99	11,48	10,95	10,43	9,86	9,29	12,74
18/06/2019 02:50:00	12,76	13,13	13,98	14,73	15,18	15,47	15,59	15,56	15,42	15,15	14,67	14,15	13,64	13,16	12,68	12,22	11,77	11,29	10,80	10,27	9,74	12,68
18/06/2019 02:55:00	12,71	13,13	13,98	14,72	15,15	15,38	15,48	15,48	15,30	15,00	14,58	14,09	13,61	13,15	12,69	12,24	11,79	11,31	10,83	10,30	9,78	12,69
18/06/2019 03:00:00	12,64	13,12	13,94	14,66	15,16	15,38	15,43	15,33	15,13	14,84	14,45	13,98	13,51	13,04	12,58	12,11	11,64	11,15	10,65	10,12	9,59	12,62
18/06/2019 03:05:00	12,66	13,24	14,08	14,80	15,24	15,43	15,47	15,40	15,25	14,97	14,50	13,99	13,48	13,00	12,53	12,07	11,62	11,14	10,67	10,15	9,63	12,59
18/06/2019 03:10:00	12,61	13,22	14,08	14,81	15,23	15,39	15,42	15,35	15,12	14,80	14,38	13,90	13,42	12,94	12,47	12,00	11,53	11,05	10,56	10,04	9,51	12,59
18/06/2019 03:15:00	12,67	13,22	14,11	14,87	15,33	15,51	15,55	15,49	15,22	14,86	14,44	13,94	13,44	12,95	12,46	11,97	11,48	10,97	10,47	9,92	9,37	12,51
18/06/2019 03:20:00	12,66	13,32	14,34	15,18	15,61	15,75	15,75	15,65	15,41	15,03	14,48	13,87	13,27	12,72	12,16	11,65	11,14	10,63	10,11	9,56	9,01	12,80
18/06/2019 03:25:00	12,63	13,14	14,04	14,83	15,34	15,52	15,56	15,51	15,29	14,94	14,45	13,90	13,36	12,84	12,33	11,84	11,35	10,84	10,33	9,78	9,24	12,64
18/06/2019 03:30:00	12,58	13,01	13,85	14,60	15,10	15,28	15,33	15,29	15,14	14,87	14,39	13,87	13,36	12,87	12,39	11,93	11,47	10,99	10,51	9,99	9,47	12,65
18/06/2019 03:35:00	12,62	13,00	13,82	14,54	15,00	15,21	15,27	15,24	15,05	14,76	14,34	13,86	13,38	12,92	12,45	12,00	11,54	11,06	10,58	10,05	9,53	12,52
18/06/2019 03:40:00	12,58	13,02	13,81	14,48	14,84	15,01	15,06	15,03	14,86	14,61	14,23	13,79	13,36	12,94	12,51	12,08	11,65	11,20	10,75	10,25	9,76	12,63
18/06/2019 03:45:00	12,72	13,13	13,97	14,67	15,02	15,27	15,32	15,21	15,05	14,78	14,35	13,86	13,38	12,92	12,46	12,01	11,56	11,08	10,61	10,10	9,58	12,77
18/06/2019 03:50:00	12,59	13,26	14,23	15,00	15,38	15,57	15,59	15,46	15,29	15,00	14,53	14,01	13,49	13,00	12,51	12,04	11,57	11,08	10,60	10,08	9,56	12,66
18/06/2019 03:55:00	12,59	13,23	14,37	15,29	15,71	15,97	16,08	16,06	15,77	15,33	14,74	14,11	13,47	12,89	12,30	11,78	11,25	10,71	10,17	9,59	9,01	12,65
18/06/2019 04:00:00	12,67	13,44	14,73	15,71	16,08	16,20	16,17	16,02	15,75	15,34	14,76	14,12	13,47	12,89	12,30	11,75	11,21	10,67	10,14	9,57	9,01	12,70
18/06/2019 04:05:00	12,64	13,68	14,90	15,85	16,30	16,52	16,59	16,54	16,25	15,81	15,16	14,48	13,80	13,19	12,58	12,04	11,50	10,95	10,40	9,81	9,23	12,68
18/06/2019 04:10:00	12,76	13,56	14,71	15,63	16,06	16,20	16,17	16,01	15,76	15,38	14,85	14,25	13,65	13,09	12,52	11,99	11,47	10,94	10,41	9,84	9,28	12,59
18/06/2019 04:15:00	12,72	13,61	14,68	15,51	15,87	15,97	15,94	15,81	15,57	15,20	14,69	14,13	13,56	13,04	12,51	12,01	11,51	11,00	10,50	9,96	9,43	12,63
18/06/2019 04:20:00	12,56	13,43	14,34	15,08	15,48	15,68	15,73	15,66	15,37	15,01	14,63	14,18	13,73	13,26	12,80	12,32	11,83	11,33	10,84	10,30	9,77	12,64
18/06/2019 04:25:00	12,71	13,46	14,39	15,12	15,48	15,73	15,81	15,76	15,52	15,16	14,64	14,08	13,52	13,01	12,49	12,01	11,54	11,04	10,54	10,00	9,46	12,60
18/06/2019 04:30:00	12,50	13,29	14,36	15,19	15,56	15,72	15,75	15,66	15,47	15,15	14,64	14,09	13,54	13,03	12,52	12,04	11,56	11,07	10,58	10,06	9,54	12,64
18/06/2019 04:35:00	12,50	13,42	14,45	15,27	15,67	15,84	15,84	15,69	15,46	15,11	14,60	14,04	13,48	12,95	12,43	11,93	11,43	10,92	10,41	9,87	9,33	12,53
18/06/2019 04:40:00	12,47	13,12	14,20	15,06	15,49	15,70	15,74	15,66	15,44	15,10	14,59	14,02	13,46	12,93	12,40	11,90	11,41	10,90	10,39	9,85	9,30	12,49
18/06/2019 04:45:00	12,33	13,25	14,34	15,18	15,58	15,77	15,82	15,75	15,48	15,10	14,64	14,11	13,58	13,07	12,55	12,06	11,56	11,05	10,54	10,00	9,46	12,32
18/06/2019 04:50:00	12,31	13,12	14,22	15,11	15,58	15,83	15,92	15,90	15,66	15,29	14,78	14,21	13,65	13,12	12,58	12,08	11,58	11,06	10,55	9,99	9,43	12,31
18/06/2019 04:55:00	12,31	13,08	14,15	15,03	15,52	15,72	15,75	15,67	15,49	15,17	14,67	14,11	13,55	13,03	12,51	12,02	11,53	11,03	10,52	9,98	9,44	12,21
18/06/2019 05:00:00	12,19	13,03	14,08	14,98	15,54	15,86	15,93	15,81	15,61	15,28	14,79	14,23	13,68	13,14	12,61	12,10	11,59	11,07	10,54	9,97	9,40	12,22
18/06/2019 05:05:00	12,23	13,27	14,52	15,48	15,94	16,14	16,16	16,03	15,72	15,28	14,75	14,13	13,52	12,94	12,36	11,82	11,27	10,72	10,17	9,59	9,02	12,25
18/06/2019 05:10:00	12,29	13,04	14,13	15,01	15,51	15,72	15,75	15,64	15,47	15,16	14,63	14,05	13,48	12,94	12,41	11,92	11,42	10,91	10,41	9,86	9,32	12,27
18/06/2019 05:15:00	12,32	13,09	14,25	15,18	15,64	15,79	15,83	15,78	15,56	15,21	14,67	14,08	13,50	12,96	12,41	11,91	11,41	10,89	10,38	9,83	9,29	12,29
18/06/2019 05:20:00	12,31	12,90	13,85	14,68	15,19	15,42	15,47	15,40	15,17	14,84	14,41	13,91	13,41	12,91	12,42	11,93	11,43	10,93	10,42	9,87	9,32	12,33
18/06/2019 05:25:00	12,40	13,17	14,15	14,98	15,49	15,65	15,64	15,52	15,38	15,10	14,60	14,06	13,51	13,01	12,50	12,02	11,54	11,05	10,56	10,03	9,50	12,55
18/06/2019 05:30:00	12,64	13,02	13,94	14,74	15,22	15,47	15,53	15,47	15,26	14,95	14,56	14,09	13,61	13,14	12,67	12,19	11,71	11,21	10,71	10,17	9,63	12,72
18/06/2019 05:35:00	12,61	13,04	13,88	14,61	15,04	15,27	15,34	15,29	15,09	14,80	14,39	13,92	13,45	12,99	12,53	12,07	11,62	11,13	10,65	10,13	9,60	12,45
18/06/2019 05:40:00	12,69	13,16	13,96	14,63	14,97	15,19	15,24	15,14	14,99	14,74	14,30	13,82	13,34	12,88	12,42	11,99	11,55	11,09	10,63	10,13	9,63	12,84
18/06/2019 05:45:00	12,71	13,00	13,69	14,31	14,71	14,90	14,94	14,87	14,68	14,40	14,07	13,66	13,25	12,83	12,42	11,98	11,54	11,08	10,62	10,11	9,61	12,80
18/06/2019 05:50:00	12,62	12,85	13,56	14,23	14,68	14,96	15,07	15,04	14,93	14,70	14,28	13,82	13,36	12,92	12,48	12,06	11,63	11,17	10,71	10,20	9,69	13,02
18/06/2019 05:55:00	12,70	13,00	13,70	14,34	14,74	14,89	14,92	14,88	14,74	14,52	14,19	13,79	13,40	13,00	12,60	12,19	11,77	11,33	10,88	10,40	9,92	12,84
18/06/2019 06:00:00	12,72	12,98	13,77	14,44	14,80	15,03	15,11	15,08	14,92	14,64	14,21	13,73	13,25	12,80	12,35	11,91	11,47	11,01	10,55	10,04	9,54	12,96
18/06/2019 06:05:00	12,97	13,16	13,93	14,61	15,02	15,24	15,29	15,21	15,01	14,72	14,32	13,85	13,38	12,92	12,46	12,00	11,54	11,06	10,58	10,06	9,53	12,86
18/06/2019 06:10:00	12,89	13,32	13,97	14,54	14,90	15,02	15,05	15,04	14,88	14,63	14,25	13,83	13,42	13,01	12,60	12,18	11,77	11,33	10,89	10,41	9,93	12,86
18/06/2019 06:15:00	13,04	13,37	14,01	14,57	14,88	15,04	15,07	15,02	14,79	14,49	14,15	13,74	13,33	12,91	12,50	12,07	11,64	11,18	10,72	10,23	9,73	13,12
18/06/2019 06:20:00	12,97	13,29	13,95	14,52	14,86	15,02	15,05	15,00	14,84	14,57	14,13	13,66	13,19	12,74	12,30	11,87	11,45	11,00	10,54	10,05	9,56	13,07
18/06/2019 06:25:00	13,06	13,40	14,05	14,66	15,10	15,29	15,33	15,25	15,09	14,81	14,32	13,81	13,29	12,81	12,33	11,89	11,44	10,97	10,49	9,97	9,45	13,28
18/06/2019 06:30:00	13,11	13,47	14,13	14,66	14,92	15,00	14,99	14,92	14,73	14,46	14,06	13,62	13,19	12,76	12,34	11,92	11,51	11,07	10,63	10,16	9,68	13,37
18/06/2019 06:35:00	13,31	13,61	14,30	14,86	15,10	15,28	15,31	15,21	15,00	14,70	14,28	13,83	13,37	12,92	12,48	12,04	11,61	11,14	10,68	10,18	9,68	13,27
18/06/2019 06:40:00	13,37	13,67	14,26	14,80	15,16	15,33	15,34	15,22	14,99	14,67	14,26	13,79	13,32	12,87	12,41	11,96	11,50	11,02	10,54	10,02	9,50	13,39
18/06/2019 06:45:00	13,48	13,59	14,24	14,82	15,15	15,32	15,36	15,30	15,11	14,84	14,45	14,01	13,56	13,13	12,70	12,26	11,83	11,37	10,91	10,40	9,90	13,35
18/06/2019 06:50:00	13,48	13,67	14,31	14,90	15,25	15,45	15,49	15,41	15,19	14,88	14,42	13,92	13,42	12,94	12,47	12,01	11,56	11,08	10,60	10,07	9,54	13,21
18/06/2019 06:55:00	13,53	13,66	14,33	14,92	15,23	15,40	15,44	15,37	15,16	14,85	14,39	13,89	13,40	12,93	12,46	12,01	11,56	11,09	10,61	10,10	9,58	13,65
18/06/2019 07:00:00	13,64	13,71	14,28	14,86	15,31	15,56	15,61	15,51	15,31	15,02	14,58	14,08	13,59	13,11	12,64	12,18	11,72	11,23	10,73	10,19	9,65	13,79
18/06/2019 07:05:00	13,71	13,77	14,47	15,12	15,52	15,76	15,85	15,83	15,58	15,21	14,73	14,20	13,67	13,17	12,67	12,20	11,72	11,21	10,70	10,15	9,59	13,79
18/06/2019 07:10:00	13,85	13,82	14,34	14,82	15,04	15,20	15,24	15,20	15,11	14,92	14,53	14,11	13,69	13,30	12,91	12,53	12,14	11,72	11,30	10,84	10,37	13,74
18/06/2019 07:15:00	13,85	14,02	14,55	15,02	15,28	15,32	15,25	15,10	14,89	14,61	14,21	13,77	13,33	12,90	12,47	12,04	11,61	11,16	10,71	10,22	9,74	14,07
18/06/2019 07:20:00	13,99	14,09	14,57	15,09	15,52	15,63	15,60	15,47	15,26	14,95	14,44	13,90	13,36	12,86	12,36	11,90	11,43	10,94	10,45	9,91	9,37	14,24
18/06/2019 07:25:00	14,20	14,13	14,57	14,99	15,20	15,34	15,40	15,38	15,20	14,91	14,47	14,00	13,54	13,11	12,68	12,27	11,87	11,42	10,98	10,49	9,99	14,57
18/06/2019 07:30:00	14,57	14,50	14,81	15,18	15,49	15,58	15,55	15,43	15,28	15,07	14,71	14,31	13,91	13,51	13,12	12,72	12,32	11,87	11,43	10,95	10,46	14,65
18/06/2019 07:35:00	14,64	14,45	14,78	15,16	15,46	15,62	15,62	15,48	15,33	15,09	14,65	14,19	13,73	13,29	12,86	12,44	12,02	11,56	11,11	10,60	10,09	14,72
18/06/2019 07:40:00	14,64	14,48	14,79	15,17	15,47	15,65	15,68	15,58	15,39	15,12	14,74	14,31	13,88	13,46	13,04	12,62	12,20	11,74	11,28	10,76	10,25	14,87
18/06/2019 07:45:00	14,80	14,60	14,99	15,43	15,77	15,91	15,94	15,90	15,67	15,34	14,94	14,49	14,04	13,60	13,16	12,72	12,28	11,80	11,32	10,79	10,26	14,82
18/06/2019 07:50:00	14,93	14,73	14,99	15,31	15,58	15,67	15,67	15,60	15,34	14,99	14,65	14,24	13,84	13,43	13,02	12,59	12,17	11,70	11,23	10,72	10,21	15,24
18/06/2019 07:55:00	14,98	14,70	14,98	15,28	15,46	15,50	15,45	15,34	15,12	14,84	14,54	14,18	13,82	13,45	13,08	12,68	12,28	11,84	11,40	10,93	10,45	15,24
18/06/2019 08:00:00	15,03	14,75	14,97	15,24	15,42	15,52	15,49	15,32	15,06	14,76	14,48	14,12	13,77	13,39	13,02	12,60	12,19	11,73	11,28	10,79	10,29	15,37
18/06/2019 08:05:00	15,11	14,82	14,89	15,01	15,07	15,10	15,07	14,98	14,77	14,50	14,22	13,90	13,58	13,25	12,92	12,56	12,20	11,79	11,39	10,94	10,49	15,31
18/06/2019 08:10:00	15,13	14,86	14,82	14,90	15,06	15,09	15,05	14,93	14,73	14,50	14,24	13,93	13,63	13,31	12,99	12,63	12,27	11,86	11,45	11,00	10,55	15,52
18/06/2019 08:15:00	15,27	14,92	14,95	15,09	15,28	15,34	15,28	15,11	14,92	14,69	14,40	14,06	13,72	13,37	13,02	12,64	12,26	11,84	11,41	10,95	10,48	15,64
18/06/2019 08:20:00	15,44	15,02	15,03	15,18	15,41	15,47	15,46	15,40	15,18	14,89	14,58	14,22	13,86	13,50	13,13	12,75	12,36	11,92	11,48	11,00	10,51	15,90
18/06/2019 08:25:00	15,49	15,14	15,09	15,11	15,17	15,09	14,96	14,80	14,59	14,34	14,05	13,73	13,41	13,08	12,75	12,39	12,03	11,64	11,24	10,80	10,37	15,88
18/06/2019 08:30:00	15,57	15,17	15,13	15,15	15,18	15,17	15,08	14,93	14,69	14,41	14,11	13,77	13,44	13,10	12,75	12,38	12,01	11,60	11,19	10,74	10,29	15,98
18/06/2019 08:35:00	15,66	15,26	15,16	15,15	15,22	15,19	15,09	14,94	14,74	14,50	14,19	13,85	13,52	13,18	12,85	12,49	12,13	11,73	11,33	10,89	10,45	15,87
18/06/2019 08:40:00	15,74	15,23	15,09	15,12	15,28	15,31	15,26	15,14	14,98	14,77	14,48	14,16	13,84	13,52	13,19	12,84	12,48	12,08	11,67	11,21	10,76	16,25
18/06/2019 08:45:00	15,91	15,44	15,23	15,17	15,25	15,17	15,02	14,85	14,61	14,34	14,05	13,72	13,40	13,06	12,72	12,36	11,99	11,59	11,18	10,73	10,28	16,49
18/06/2019 08:50:00	16,10	15,65	15,47	15,37	15,35	15,30	15,16	14,93	14,65	14,34	14,01	13,65	13,29	12,93	12,57	12,20	11,82	11,40	10,99	10,54	10,08	16,79
18/06/2019 08:55:00	16,31	15,74	15,44	15,26	15,22	15,09	14,90	14,66	14,43	14,19	13,80	13,42	13,03	12,68	12,32	11,96	11,61	11,21	10,82	10,39	9,95	16,84
18/06/2019 09:00:00	16,25	15,85	15,54	15,26	15,01	14,85	14,67	14,44	14,22	14,00	13,76	13,52	13,28	13,02	12,76	12,46	12,15	11,81	11,47	11,09	10,72	16,75
18/06/2019 09:05:00	16,48	16,05	15,69	15,40	15,17	14,91	14,65	14,41	14,15	13,88	13,55	13,23	12,91	12,59	12,28	11,95	11,63	11,27	10,91	10,52	10,13	17,05
18/06/2019 09:10:00	16,62	16,10	15,79	15,55	15,37	15,17	14,95	14,70	14,42	14,13	13,68	13,27	12,85	12,48	12,10	11,74	11,38	10,99	10,60	10,17	9,75	17,32
18/06/2019 09:15:00	16,72	16,24	15,87	15,59	15,43	15,22	14,97	14,69	14,38	14,05	13,67	13,30	12,93	12,57	12,21	11,85	11,48	11,09	10,69	10,26	9,83	17,44
18/06/2019 09:20:00	16,82	16,36	15,89	15,51	15,28	14,98	14,65	14,30	13,92	13,54	13,28	13,00	12,71	12,40	12,09	11,72	11,36	10,97	10,59	10,18	9,77	17,75
18/06/2019 09:25:00	17,01	16,56	16,18	15,84	15,55	15,26	14,93	14,54	14,18	13,84	13,43	13,03	12,63	12,26	11,88	11,51	11,14	10,74	10,34	9,93	9,51	17,80
18/06/2019 09:30:00	17,07	16,77	16,40	16,05	15,72	15,42	15,07	14,64	14,22	13,80	13,40	13,01	12,62	12,24	11,86	11,46	11,07	10,66	10,25	9,82	9,39	17,90
18/06/2019 09:35:00	17,25	16,86	16,43	16,03	15,67	15,30	14,92	14,55	14,12	13,66	13,28	12,91	12,54	12,17	11,80	11,42	11,03	10,63	10,23	9,82	9,40	17,89
18/06/2019 09:40:00	17,31	16,81	16,41	16,07	15,81	15,43	15,03	14,62	14,24	13,86	13,46	13,07	12,67	12,29	11,91	11,52	11,13	10,73	10,33	9,90	9,48	18,10
18/06/2019 09:45:00	17,40	16,91	16,49	16,09	15,69	15,35	14,99	14,61	14,22	13,82	13,41	13,03	12,64	12,27	11,90	11,52	11,15	10,76	10,37	9,96	9,55	18,33
18/06/2019 09:50:00	17,51	17,10	16,61	16,14	15,75	15,37	14,99	14,60	14,21	13,83	13,44	13,08	12,71	12,36	12,00	11,64	11,28	10,90	10,52	10,12	9,72	18,44
18/06/2019 09:55:00	17,65	17,23	16,75	16,30	15,92	15,46	15,02	14,65	14,28	13,92	13,57	13,23	12,89	12,56	12,22	11,87	11,52	11,15	10,78	10,39	10,01	18,45
18/06/2019 10:00:00	17,92	17,32	16,81	16,35	15,92	15,46	15,02	14,63	14,21	13,79	13,36	12,96	12,55	12,17	11,80	11,42	11,05	10,66	10,27	9,86	9,46	18,97
18/06/2019 10:05:00	17,80	17,31	16,87	16,44	16,01	15,57	15,15	14,76	14,31	13,84	13,43	13,03	12,62	12,24	11,85	11,46	11,08	10,67	10,27	9,86	9,44	18,63
18/06/2019 10:10:00	17,90	17,55	17,14	16,72	16,29	15,83	15,37	14,94	14,48	14,00	13,50	13,04	12,57	12,14	11,72	11,31	10,90	10,48	10,07	9,64	9,21	18,79
18/06/2019 10:15:00	18,05	17,68	17,24	16,82	16,43	15,98	15,51	15,03	14,59	14,16	13,69	13,25	12,80	12,39	11,97	11,57	11,16	10,75	10,34	9,91	9,48	19,08
18/06/2019 10:20:00	18,27	17,74	17,20	16,68	16,20	15,76	15,33	14,88	14,46	14,06	13,65	13,26	12,88	12,51	12,14	11,77	11,40	11,02	10,63	10,23	9,83	19,56
18/06/2019 10:25:00	18,27	17,78	17,25	16,77	16,37	15,94	15,51	15,08	14,67	14,26	13,79	13,36	12,92	12,52	12,13	11,74	11,36	10,96	10,55	10,13	9,71	19,30
18/06/2019 10:30:00	18,43	18,05	17,55	17,04	16,51	15,97	15,45	14,99	14,55	14,12	13,73	13,36	12,99	12,63	12,27	11,89	11,52	11,14	10,76	10,37	9,98	19,69
18/06/2019 10:35:00	18,49	18,01	17,55	17,12	16,72	16,30	15,86	15,41	14,97	14,52	13,99	13,50	13,00	12,56	12,12	11,70	11,29	10,87	10,44	9,99	9,55	19,59
18/06/2019 10:40:00	18,68	18,30	17,77	17,22	16,71	16,19	15,67	15,16	14,73	14,35	13,92	13,53	13,14	12,77	12,40	12,02	11,65	11,27	10,88	10,49	10,10	20,14
18/06/2019 10:45:00	18,71	18,23	17,76	17,28	16,80	16,34	15,89	15,49	14,98	14,41	13,99	13,58	13,17	12,77	12,36	11,95	11,54	11,12	10,69	10,25	9,81	19,81
18/06/2019 10:50:00	18,79	18,40	17,95	17,47	16,92	16,37	15,84	15,36	14,86	14,35	13,89	13,46	13,02	12,62	12,21	11,80	11,39	10,98	10,57	10,16	9,74	20,15
18/06/2019 10:55:00	18,90	18,56	18,05	17,58	17,20	16,78	16,32	15,79	15,27	14,74	14,24	13,75	13,27	12,81	12,36	11,92	11,48	11,02	10,57	10,09	9,62	20,51
18/06/2019 11:00:00	18,98	18,60	18,08	17,60	17,20	16,79	16,36	15,88	15,43	14,98	14,40	13,87	13,33	12,86	12,40	11,98	11,56	11,12	10,67	10,21	9,75	20,57
18/06/2019 11:05:00	19,21	18,59	18,13	17,70	17,26	16,80	16,34	15,96	15,54	15,09	14,59	14,13	13,66	13,24	12,82	12,42	12,02	11,60	11,18	10,74	10,30	20,64
18/06/2019 11:10:00	19,18	18,83	18,32	17,81	17,29	16,76	16,24	15,75	15,27	14,79	14,29	13,82	13,36	12,93	12,51	12,10	11,69	11,27	10,85	10,42	9,99	20,49
18/06/2019 11:15:00	19,27	18,74	18,20	17,67	17,18	16,71	16,23	15,71	15,25	14,84	14,38	13,94	13,51	13,10	12,70	12,31	11,91	11,50	11,09	10,67	10,24	20,66
18/06/2019 11:20:00	19,23	18,84	18,37	17,88	17,34	16,84	16,35	15,86	15,41	14,97	14,51	14,08	13,65	13,25	12,85	12,46	12,07	11,66	11,25	10,84	10,42	20,61
18/06/2019 11:25:00	19,43	18,84	18,30	17,75	17,17	16,64	16,13	15,61	15,12	14,64	14,23	13,84	13,44	13,07	12,69	12,29	11,90	11,49	11,09	10,67	10,26	20,89
18/06/2019 11:30:00	19,47	18,94	18,40	17,94	17,61	17,12	16,61	16,13	15,67	15,20	14,69	14,21	13,72	13,27	12,83	12,40	11,97	11,52	11,08	10,61	10,15	21,39
18/06/2019 11:35:00	19,66	19,19	18,65	18,10	17,54	17,07	16,63	16,14	15,65	15,17	14,68	14,23	13,78	13,37	12,95	12,55	12,14	11,72	11,29	10,86	10,42	20,85
18/06/2019 11:40:00	19,54	19,17	18,70	18,19	17,64	17,09	16,55	16,03	15,56	15,12	14,58	14,08	13,59	13,15	12,71	12,30	11,89	11,47	11,06	10,63	10,20	21,06
18/06/2019 11:45:00	19,73	19,11	18,55	18,05	17,59	17,16	16,74	16,33	15,83	15,26	14,78	14,33	13,88	13,46	13,03	12,61	12,18	11,73	11,28	10,81	10,34	21,51
18/06/2019 11:50:00	19,75	19,19	18,61	18,03	17,49	16,95	16,44	15,98	15,48	14,97	14,53	14,12	13,70	13,31	12,92	12,52	12,12	11,70	11,28	10,85	10,42	21,56
18/06/2019 11:55:00	19,47	19,06	18,59	18,10	17,59	17,08	16,58	16,07	15,59	15,13	14,72	14,32	13,92	13,54	13,15	12,75	12,34	11,93	11,51	11,09	10,66	20,87
18/06/2019 12:00:00	19,82	19,18	18,66	18,20	17,79	17,32	16,83	16,35	15,87	15,38	14,90	14,44	13,98	13,54	13,11	12,69	12,26	11,81	11,37	10,90	10,44	21,37
18/06/2019 12:05:00	19,96	19,42	18,91	18,41	17,90	17,47	17,05	16,58	16,13	15,71	15,23	14,79	14,35	13,94	13,53	13,13	12,73	12,31	11,89	11,44	11,00	22,26
18/06/2019 12:10:00	19,85	19,22	18,70	18,21	17,74	17,24	16,74	16,28	15,82	15,36	14,86	14,39	13,93	13,50	13,07	12,66	12,25	11,82	11,39	10,94	10,50	21,50
18/06/2019 12:15:00	19,61	19,31	18,84	18,34	17,85	17,35	16,87	16,38	15,89	15,40	14,90	14,43	13,96	13,53	13,10	12,68	12,26	11,83	11,39	10,95	10,50	20,68
18/06/2019 12:20:00	19,56	19,17	18,70	18,24	17,80	17,30	16,81	16,35	15,88	15,39	14,96	14,53	14,11	13,71	13,30	12,89	12,48	12,05	11,62	11,18	10,74	20,62
18/06/2019 12:25:00	19,63	19,16	18,70	18,24	17,77	17,30	16,84	16,36	15,89	15,44	14,96	14,50	14,05	13,63	13,20	12,79	12,38	11,95	11,52	11,07	10,63	20,96
18/06/2019 12:30:00	19,59	19,20	18,72	18,25	17,79	17,31	16,84	16,42	15,99	15,56	15,10	14,67	14,24	13,84	13,44	13,05	12,65	12,24	11,82	11,39	10,95	20,72
18/06/2019 12:35:00	19,63	19,27	18,76	18,23	17,70	17,23	16,77	16,29	15,80	15,30	14,88	14,49	14,09	13,70	13,32	12,91	12,51	12,09	11,67	11,23	10,79	20,89
18/06/2019 12:40:00	19,79	19,30	18,86	18,42	17,98	17,51	17,05	16,61	16,14	15,65	15,17	14,72	14,27	13,84	13,42	13,00	12,58	12,14	11,71	11,25	10,79	21,31
18/06/2019 12:45:00	20,08	19,44	18,95	18,50	18,07	17,57	17,08	16,68	16,20	15,66	15,21	14,78	14,35	13,94	13,52	13,10	12,68	12,23	11,79	11,33	10,86	22,00
18/06/2019 12:50:00	19,90	19,63	19,13	18,61	18,17	17,66	17,15	16,69	16,24	15,82	15,33	14,88	14,43	14,02	13,61	13,21	12,80	12,38	11,95	11,51	11,07	21,91
18/06/2019 12:55:00	19,69	19,28	18,80	18,36	17,99	17,54	17,08	16,65	16,22	15,78	15,32	14,88	14,44	14,03	13,62	13,21	12,80	12,36	11,93	11,47	11,02	20,89
18/06/2019 13:00:00	19,97	19,73	19,28	18,80	18,31	17,80	17,33	16,96	16,53	16,07	15,67	15,29	14,92	14,55	14,19	13,80	13,42	13,01	12,59	12,17	11,74	20,96
18/06/2019 13:05:00	19,92	19,64	19,24	18,81	18,32	17,82	17,34	16,89	16,45	16,04	15,60	15,18	14,77	14,38	13,98	13,59	13,19	12,77	12,35	11,92	11,48	20,92
18/06/2019 13:10:00	19,97	19,75	19,35	18,91	18,39	17,91	17,44	16,95	16,50	16,08	15,60	15,16	14,72	14,31	13,89	13,49	13,09	12,66	12,24	11,80	11,36	20,78
18/06/2019 13:15:00	19,98	19,70	19,26	18,79	18,30	17,85	17,42	16,99	16,55	16,11	15,72	15,34	14,97	14,61	14,24	13,85	13,46	13,04	12,62	12,18	11,75	20,78
18/06/2019 13:20:00	20,07	19,80	19,37	18,93	18,47	18,03	17,60	17,17	16,71	16,23	15,82	15,42	15,03	14,64	14,25	13,84	13,44	13,00	12,56	12,11	11,65	21,12
18/06/2019 13:25:00	20,06	19,78	19,39	18,96	18,47	18,01	17,56	17,10	16,66	16,25	15,82	15,41	15,00	14,61	14,23	13,83	13,43	13,01	12,59	12,15	11,71	20,90
18/06/2019 13:30:00	19,94	19,78	19,38	18,94	18,47	18,02	17,56	17,10	16,64	16,20	15,85	15,51	15,17	14,81	14,46	14,06	13,66	13,24	12,82	12,39	11,95	20,52
18/06/2019 13:35:00	20,06	19,85	19,48	19,07	18,64	18,18	17,72	17,26	16,82	16,39	15,98	15,58	15,18	14,79	14,40	14,00	13,59	13,16	12,73	12,28	11,83	20,66
18/06/2019 13:40:00	20,24	19,93	19,47	19,02	18,59	18,16	17,73	17,25	16,83	16,45	16,02	15,60	15,19	14,80	14,41	14,01	13,61	13,18	12,75	12,30	11,85	21,07
18/06/2019 13:45:00	20,23	19,91	19,50	19,07	18,58	18,13	17,68	17,20	16,75	16,32	15,86	15,43	14,99	14,58	14,17	13,76	13,35	12,92	12,48	12,03	11,58	20,89
18/06/2019 13:50:00	20,38	20,21	19,81	19,38	18,94	18,48	18,03	17,61	17,14	16,64	16,24	15,86	15,48	15,09	14,71	14,29	13,88	13,43	12,99	12,53	12,06	20,92
18/06/2019 13:55:00	20,41	20,24	19,87	19,46	19,01	18,49	17,98	17,52	17,07	16,64	16,24	15,85	15,47	15,08	14,70	14,30	13,89	13,46	13,03	12,59	12,15	20,68
18/06/2019 14:00:00	20,70	20,49	20,10	19,68	19,26	18,74	18,23	17,82	17,37	16,89	16,50	16,12	15,75	15,37	14,99	14,58	14,17	13,73	13,30	12,85	12,39	20,68
18/06/2019 14:05:00	20,58	20,41	20,09	19,74	19,36	18,94	18,52	18,11	17,67	17,23	16,75	16,30	15,85	15,43	15,00	14,58	14,15	13,69	13,23	12,75	12,27	20,19
18/06/2019 14:10:00	20,40	20,35	20,03	19,67	19,29	18,87	18,43	17,99	17,55	17,12	16,67	16,25	15,82	15,42	15,01	14,59	14,16	13,71	13,26	12,79	12,31	20,12
18/06/2019 14:15:00	20,31	20,35	20,05	19,71	19,32	18,92	18,50	18,06	17,62	17,18	16,72	16,28	15,84	15,42	15,01	14,58	14,16	13,70	13,24	12,76	12,29	20,00
18/06/2019 14:20:00	20,28	20,26	19,92	19,57	19,19	18,82	18,43	17,95	17,49	17,04	16,62	16,21	15,80	15,39	14,98	14,56	14,13	13,67	13,20	12,72	12,24	20,04
18/06/2019 14:25:00	20,21	20,19	19,89	19,56	19,21	18,84	18,44	17,95	17,49	17,07	16,62	16,18	15,74	15,32	14,90	14,47	14,04	13,57	13,11	12,62	12,14	20,15
18/06/2019 14:30:00	20,14	20,10	19,82	19,49	19,11	18,70	18,28	17,86	17,46	17,09	16,63	16,20	15,76	15,36	14,95	14,55	14,14	13,70	13,26	12,80	12,34	20,07
18/06/2019 14:35:00	20,16	20,01	19,73	19,41	19,00	18,61	18,21	17,78	17,36	16,95	16,53	16,12	15,72	15,32	14,93	14,52	14,11	13,67	13,23	12,77	12,30	19,99
18/06/2019 14:40:00	19,87	19,86	19,59	19,27	18,86	18,47	18,05	17,58	17,14	16,71	16,31	15,92	15,53	15,14	14,75	14,33	13,91	13,47	13,03	12,57	12,11	19,86
18/06/2019 14:45:00	19,87	19,84	19,53	19,18	18,77	18,35	17,91	17,42	16,98	16,55	16,09	15,66	15,22	14,80	14,38	13,96	13,54	13,09	12,65	12,18	11,72	19,79
18/06/2019 14:50:00	19,52	19,47	19,11	18,71	18,36	17,89	17,42	17,01	16,60	16,19	15,81	15,45	15,09	14,72	14,36	13,97	13,57	13,15	12,73	12,30	11,86	19,41
18/06/2019 14:55:00	19,53	19,20	18,81	18,44	18,10	17,71	17,31	16,95	16,54	16,10	15,73	15,37	15,01	14,65	14,29	13,89	13,49	13,06	12,63	12,18	11,73	19,24
18/06/2019 15:00:00	19,21	19,03	18,66	18,27	17,85	17,44	17,04	16,64	16,26	15,88	15,51	15,15	14,79	14,44	14,08	13,70	13,33	12,92	12,52	12,09	11,67	19,22
18/06/2019 15:05:00	19,14	18,97	18,56	18,14	17,71	17,30	16,91	16,54	16,15	15,74	15,41	15,09	14,76	14,43	14,10	13,73	13,36	12,96	12,56	12,14	11,71	19,21
18/06/2019 15:10:00	19,08	18,82	18,38	17,96	17,60	17,22	16,84	16,47	16,16	15,89	15,54	15,22	14,89	14,57	14,25	13,90	13,56	13,18	12,80	12,39	11,99	19,10
18/06/2019 15:15:00	18,75	18,81	18,46	18,08	17,71	17,38	17,06	16,73	16,41	16,10	15,73	15,39	15,05	14,72	14,39	14,04	13,68	13,29	12,90	12,48	12,07	18,73
18/06/2019 15:20:00	18,80	18,71	18,43	18,11	17,73	17,35	16,99	16,67	16,34	16,00	15,71	15,42	15,13	14,82	14,52	14,16	13,81	13,42	13,03	12,63	12,22	18,66
18/06/2019 15:25:00	18,67	18,70	18,47	18,20	17,86	17,50	17,16	16,88	16,50	16,07	15,77	15,47	15,16	14,83	14,51	14,13	13,75	13,33	12,92	12,49	12,05	18,70
18/06/2019 15:30:00	18,66	18,64	18,51	18,31	17,95	17,65	17,33	16,96	16,58	16,19	15,86	15,52	15,18	14,82	14,47	14,08	13,68	13,26	12,84	12,40	11,96	18,51
18/06/2019 15:35:00	18,55	18,56	18,47	18,32	18,06	17,80	17,51	17,21	16,86	16,48	16,14	15,80	15,45	15,10	14,74	14,35	13,95	13,52	13,09	12,64	12,19	18,33
18/06/2019 15:40:00	18,53	18,52	18,43	18,31	18,14	17,92	17,64	17,31	16,98	16,65	16,21	15,78	15,35	14,94	14,53	14,12	13,71	13,27	12,82	12,34	11,87	18,52
18/06/2019 15:45:00	18,43	18,33	18,22	18,09	17,87	17,69	17,46	17,14	16,84	16,55	16,20	15,85	15,49	15,14	14,79	14,40	14,02	13,60	13,17	12,72	12,26	18,34
18/06/2019 15:50:00	18,14	18,39	18,31	18,15	17,86	17,61	17,36	17,08	16,75	16,39	16,09	15,79	15,49	15,17	14,85	14,47	14,10	13,69	13,27	12,84	12,40	18,19
18/06/2019 15:55:00	17,86	18,21	18,18	18,08	17,89	17,63	17,36	17,10	16,81	16,53	16,21	15,89	15,57	15,24	14,91	14,54	14,17	13,77	13,36	12,93	12,49	17,79
18/06/2019 16:00:00	17,70	18,04	18,10	18,11	18,00	17,78	17,48	17,14	16,85	16,58	16,21	15,84	15,47	15,10	14,73	14,32	13,92	13,49	13,06	12,61	12,15	17,42
18/06/2019 16:05:00	17,67	18,11	18,18	18,16	17,99	17,69	17,36	17,05	16,76	16,47	16,11	15,75	15,39	15,03	14,66	14,27	13,88	13,47	13,05	12,61	12,18	17,29
18/06/2019 16:10:00	17,28	17,70	17,80	17,76	17,50	17,26	16,99	16,68	16,37	16,08	15,82	15,53	15,25	14,94	14,62	14,25	13,88	13,48	13,08	12,67	12,25	17,30
18/06/2019 16:15:00	17,10	17,58	17,68	17,67	17,53	17,29	17,04	16,83	16,54	16,22	15,94	15,65	15,35	15,03	14,71	14,33	13,95	13,55	13,14	12,71	12,28	16,98
18/06/2019 16:20:00	16,83	17,67	17,85	17,87	17,71	17,41	17,08	16,76	16,49	16,22	15,81	15,42	15,03	14,66	14,28	13,89	13,50	13,09	12,68	12,26	11,84	16,94
18/06/2019 16:25:00	16,87	17,39	17,46	17,43	17,27	17,03	16,75	16,47	16,19	15,91	15,58	15,25	14,92	14,58	14,24	13,87	13,49	13,09	12,69	12,26	11,84	16,83
18/06/2019 16:30:00	17,00	17,25	17,27	17,19	16,96	16,62	16,29	16,00	15,70	15,40	15,13	14,85	14,57	14,25	13,94	13,58	13,21	12,83	12,44	12,04	11,64	17,11
18/06/2019 16:35:00	16,64	16,80	16,66	16,47	16,23	15,97	15,70	15,44	15,25	15,11	14,92	14,73	14,53	14,30	14,07	13,77	13,47	13,14	12,81	12,45	12,10	17,26
18/06/2019 16:40:00	16,17	16,49	16,37	16,16	15,89	15,65	15,39	15,12	14,93	14,81	14,71	14,59	14,47	14,29	14,11	13,83	13,54	13,23	12,92	12,59	12,26	16,85
18/06/2019 16:45:00	16,21	16,29	16,21	16,08	15,88	15,64	15,38	15,13	14,93	14,79	14,71	14,59	14,47	14,28	14,08	13,79	13,49	13,16	12,84	12,49	12,14	16,31
18/06/2019 16:50:00	15,77	16,03	15,94	15,77	15,49	15,24	15,01	14,83	14,70	14,62	14,55	14,47	14,38	14,24	14,09	13,83	13,58	13,30	13,01	12,71	12,40	15,81
18/06/2019 16:55:00	15,59	15,69	15,54	15,37	15,17	14,97	14,79	14,66	14,58	14,54	14,52	14,48	14,43	14,31	14,19	13,96	13,73	13,45	13,17	12,87	12,57	15,45
18/06/2019 17:00:00	15,42	15,42	15,25	15,08	14,92	14,87	14,80	14,69	14,60	14,56	14,56	14,53	14,50	14,39	14,27	14,03	13,80	13,51	13,22	12,90	12,58	15,27
18/06/2019 17:05:00	15,25	15,37	15,28	15,16	15,02	14,87	14,73	14,62	14,55	14,53	14,52	14,48	14,44	14,32	14,20	13,96	13,73	13,45	13,16	12,86	12,55	14,98
18/06/2019 17:10:00	15,29	15,38	15,33	15,23	15,07	15,05	14,97	14,80	14,67	14,59	14,54	14,46	14,38	14,22	14,06	13,79	13,52	13,21	12,89	12,55	12,21	15,00
18/06/2019 17:15:00	14,98	15,08	15,04	14,99	14,91	14,83	14,73	14,64	14,49	14,34	14,27	14,15	14,04	13,85	13,67	13,39	13,10	12,78	12,45	12,09	11,74	14,97
18/06/2019 17:20:00	14,95	15,04	15,01	14,97	14,93	14,79	14,67	14,58	14,49	14,40	14,28	14,14	14,00	13,80	13,61	13,34	13,07	12,75	12,44	12,10	11,75	14,94
18/06/2019 17:25:00	14,81	14,75	14,67	14,58	14,49	14,43	14,36	14,28	14,15	14,05	14,01	13,93	13,85	13,70	13,54	13,28	13,02	12,71	12,40	12,06	11,72	14,85
18/06/2019 17:30:00	14,80	14,77	14,73	14,69	14,61	14,45	14,31	14,26	14,19	14,11	14,03	13,92	13,81	13,64	13,47	13,22	12,96	12,67	12,37	12,05	11,72	14,80
18/06/2019 17:35:00	14,73	14,73	14,74	14,72	14,63	14,54	14,45	14,36	14,24	14,13	14,04	13,92	13,80	13,61	13,43	13,16	12,88	12,57	12,25	11,91	11,57	14,68
18/06/2019 17:40:00	14,74	14,64	14,55	14,48	14,43	14,29	14,19	14,16	14,06	13,97	13,98	13,93	13,88	13,74	13,61	13,36	13,11	12,81	12,52	12,19	11,87	14,70
18/06/2019 17:45:00	14,82	14,68	14,59	14,53	14,50	14,46	14,37	14,23	14,12	14,05	14,03	13,95	13,87	13,71	13,55	13,28	13,01	12,69	12,37	12,03	11,68	14,67
18/06/2019 17:50:00	14,68	14,63	14,66	14,69	14,64	14,56	14,45	14,33	14,17	14,02	13,98	13,86	13,75	13,56	13,37	13,07	12,77	12,44	12,10	11,74	11,38	14,65
18/06/2019 17:55:00	14,78	14,72	14,70	14,67	14,58	14,56	14,47	14,33	14,16	14,00	13,88	13,72	13,56	13,34	13,12	12,82	12,52	12,19	11,85	11,48	11,11	14,64
18/06/2019 18:00:00	14,74	14,56	14,48	14,43	14,43	14,35	14,24	14,14	14,04	13,95	13,81	13,65	13,48	13,27	13,07	12,79	12,51	12,19	11,87	11,51	11,16	14,62
18/06/2019 18:05:00	14,65	14,58	14,50	14,43	14,37	14,29	14,18	14,05	13,96	13,90	13,83	13,72	13,62	13,45	13,28	13,01	12,75	12,45	12,14	11,81	11,48	14,59
18/06/2019 18:10:00	14,58	14,54	14,45	14,36	14,26	14,11	13,95	13,79	13,65	13,52	13,44	13,31	13,19	13,00	12,81	12,53	12,26	11,94	11,63	11,29	10,96	14,56
18/06/2019 18:15:00	14,64	14,56	14,47	14,40	14,32	14,23	14,15	14,09	13,98	13,87	13,80	13,70	13,60	13,43	13,26	13,00	12,74	12,44	12,13	11,79	11,46	14,57
18/06/2019 18:20:00	14,58	14,60	14,47	14,37	14,32	14,24	14,15	14,04	13,89	13,77	13,75	13,68	13,61	13,45	13,29	13,02	12,75	12,44	12,13	11,78	11,44	14,55
18/06/2019 18:25:00	14,61	14,59	14,46	14,37	14,35	14,31	14,22	14,09	13,98	13,92	13,91	13,86	13,80	13,65	13,51	13,25	12,99	12,68	12,37	12,03	11,69	14,54
18/06/2019 18:30:00	14,61	14,65	14,53	14,39	14,24	14,09	13,94	13,82	13,70	13,62	13,58	13,51	13,43	13,29	13,14	12,89	12,65	12,36	12,07	11,76	11,45	14,52
18/06/2019 18:35:00	14,61	14,55	14,46	14,41	14,39	14,35	14,30	14,26	14,15	14,05	14,09	14,07	14,04	13,91	13,79	13,53	13,28	12,97	12,66	12,32	11,98	14,53
18/06/2019 18:40:00	14,62	14,81	14,87	14,90	14,85	14,78	14,67	14,52	14,41	14,33	14,28	14,18	14,08	13,90	13,72	13,44	13,16	12,84	12,52	12,17	11,82	14,59
18/06/2019 18:45:00	14,59	14,67	14,70	14,72	14,69	14,64	14,55	14,44	14,38	14,35	14,35	14,29	14,23	14,09	13,95	13,69	13,44	13,13	12,83	12,50	12,17	14,66
18/06/2019 18:50:00	14,69	14,74	14,62	14,50	14,40	14,38	14,32	14,22	14,22	14,27	14,32	14,34	14,36	14,28	14,20	13,99	13,78	13,52	13,25	12,96	12,66	14,77
18/06/2019 18:55:00	14,72	14,88	14,88	14,87	14,83	14,85	14,85	14,82	14,71	14,60	14,53	14,43	14,32	14,15	13,98	13,71	13,44	13,12	12,79	12,43	12,07	14,84
18/06/2019 19:00:00	15,02	15,15	15,14	15,13	15,12	15,08	15,00	14,90	14,80	14,73	14,68	14,59	14,50	14,33	14,16	13,89	13,61	13,29	12,96	12,61	12,25	14,87
18/06/2019 19:05:00	14,85	15,13	15,13	15,10	15,08	14,97	14,85	14,78	14,76	14,77	14,71	14,64	14,56	14,42	14,28	14,04	13,80	13,52	13,23	12,91	12,60	15,09
18/06/2019 19:10:00	14,89	14,89	14,95	14,99	14,96	14,86	14,77	14,71	14,63	14,55	14,51	14,42	14,32	14,16	13,99	13,72	13,45	13,14	12,83	12,48	12,14	15,03
18/06/2019 19:15:00	14,81	14,94	14,85	14,76	14,67	14,56	14,45	14,36	14,28	14,23	14,20	14,14	14,09	13,95	13,81	13,57	13,32	13,03	12,74	12,42	12,10	14,87
18/06/2019 19:20:00	14,81	14,87	14,86	14,81	14,69	14,62	14,56	14,52	14,42	14,33	14,28	14,19	14,10	13,95	13,79	13,54	13,29	12,99	12,69	12,35	12,02	14,84
18/06/2019 19:25:00	14,94	15,01	15,04	15,03	14,95	14,80	14,63	14,44	14,23	14,04	13,92	13,75	13,58	13,35	13,12	12,80	12,47	12,13	11,78	11,40	11,03	14,90
18/06/2019 19:30:00	14,92	14,89	14,77	14,69	14,64	14,59	14,49	14,34	14,25	14,17	13,99	13,81	13,62	13,40	13,18	12,90	12,63	12,30	11,98	11,62	11,26	14,95
18/06/2019 19:35:00	14,92	15,07	14,97	14,82	14,64	14,47	14,32	14,20	14,05	13,91	13,78	13,63	13,49	13,30	13,10	12,84	12,57	12,26	11,96	11,63	11,30	14,85
18/06/2019 19:40:00	15,10	15,11	14,96	14,80	14,65	14,51	14,36	14,20	14,07	13,96	13,80	13,63	13,47	13,26	13,06	12,79	12,52	12,20	11,89	11,55	11,22	15,00
18/06/2019 19:45:00	15,15	15,24	15,07	14,85	14,59	14,34	14,12	13,93	13,74	13,58	13,47	13,34	13,21	13,03	12,84	12,57	12,30	12,00	11,70	11,38	11,06	15,07
18/06/2019 19:50:00	15,07	14,95	14,81	14,65	14,44	14,30	14,14	13,96	13,82	13,71	13,57	13,42	13,27	13,07	12,87	12,60	12,33	12,03	11,72	11,39	11,06	15,06
18/06/2019 19:55:00	15,06	14,90	14,76	14,62	14,45	14,31	14,15	13,97	13,84	13,74	13,67	13,56	13,46	13,29	13,12	12,85	12,59	12,29	11,98	11,66	11,33	15,02
18/06/2019 20:00:00	15,02	14,96	14,78	14,63	14,54	14,38	14,21	14,06	13,94	13,84	13,73	13,60	13,47	13,28	13,10	12,83	12,56	12,25	11,95	11,61	11,28	14,99
18/06/2019 20:05:00	14,92	14,93	14,79	14,64	14,45	14,29	14,13	13,96	13,88	13,85	13,75	13,65	13,55	13,39	13,24	12,99	12,75	12,47	12,19	11,88	11,58	15,04
18/06/2019 20:10:00	15,00	15,00	14,87	14,78	14,76	14,63	14,46	14,29	14,17	14,08	14,04	13,95	13,86	13,69	13,52	13,25	12,97	12,65	12,34	11,99	11,65	14,97
18/06/2019 20:15:00	15,10	15,03	14,86	14,68	14,50	14,36	14,21	14,06	13,90	13,78	13,76	13,70	13,63	13,48	13,34	13,08	12,82	12,52	12,22	11,90	11,57	14,97
18/06/2019 20:20:00	14,96	14,92	14,72	14,52	14,36	14,23	14,09	13,91	13,78	13,70	13,67	13,61	13,54	13,40	13,25	13,00	12,75	12,46	12,16	11,85	11,53	15,05
18/06/2019 20:25:00	14,81	14,74	14,64	14,56	14,49	14,33	14,18	14,07	13,95	13,85	13,78	13,67	13,57	13,39	13,22	12,95	12,69	12,38	12,07	11,74	11,41	14,72
18/06/2019 20:30:00	15,00	14,76	14,67	14,63	14,61	14,52	14,42	14,35	14,21	14,08	14,01	13,89	13,78	13,59	13,40	13,12	12,84	12,51	12,19	11,83	11,47	14,62
18/06/2019 20:35:00	14,91	14,92	14,86	14,84	14,86	14,75	14,61	14,46	14,30	14,13	13,94	13,72	13,50	13,24	12,98	12,67	12,35	12,00	11,64	11,26	10,87	14,67
18/06/2019 20:40:00	14,77	14,80	14,70	14,58	14,44	14,39	14,31	14,19	14,06	13,96	13,85	13,73	13,60	13,42	13,24	12,97	12,71	12,40	12,09	11,75	11,41	14,74
18/06/2019 20:45:00	14,81	14,72	14,68	14,65	14,59	14,53	14,43	14,28	14,07	13,86	13,74	13,57	13,40	13,17	12,94	12,62	12,31	11,95	11,60	11,22	10,83	14,69
18/06/2019 20:50:00	14,78	14,82	14,66	14,51	14,40	14,23	14,12	14,11	14,01	13,93	13,87	13,80	13,72	13,58	13,44	13,20	12,97	12,69	12,40	12,09	11,78	14,64
18/06/2019 20:55:00	14,99	15,08	15,02	14,95	14,82	14,74	14,62	14,45	14,32	14,22	14,08	13,93	13,77	13,57	13,36	13,08	12,80	12,48	12,16	11,80	11,45	14,83
18/06/2019 21:00:00	15,19	15,19	15,03	14,91	14,85	14,78	14,68	14,54	14,42	14,31	14,15	13,97	13,80	13,59	13,37	13,09	12,81	12,48	12,15	11,79	11,43	15,31
18/06/2019 21:05:00	15,25	15,24	15,17	15,14	15,14	15,11	15,01	14,84	14,76	14,70	14,57	14,41	14,25	14,05	13,84	13,55	13,27	12,94	12,60	12,23	11,87	15,20
18/06/2019 21:10:00	15,25	15,22	15,18	15,14	15,10	15,07	15,04	15,04	14,92	14,79	14,75	14,67	14,58	14,42	14,26	13,99	13,72	13,40	13,08	12,72	12,36	15,18
18/06/2019 21:15:00	15,25	15,32	15,24	15,20	15,19	15,14	15,03	14,85	14,72	14,61	14,50	14,35	14,20	13,99	13,78	13,48	13,19	12,85	12,50	12,13	11,75	15,41
18/06/2019 21:20:00	15,31	15,39	15,37	15,35	15,33	15,28	15,19	15,05	14,93	14,81	14,63	14,43	14,23	13,99	13,75	13,45	13,15	12,80	12,46	12,08	11,70	15,25
18/06/2019 21:25:00	15,34	15,12	15,01	14,95	14,92	14,89	14,84	14,78	14,71	14,63	14,47	14,29	14,12	13,91	13,70	13,43	13,16	12,83	12,51	12,14	11,77	15,42
18/06/2019 21:30:00	15,15	15,08	14,96	14,88	14,86	14,80	14,69	14,54	14,44	14,37	14,27	14,14	14,01	13,82	13,63	13,35	13,08	12,75	12,43	12,07	11,72	15,09
18/06/2019 21:35:00	14,93	14,82	14,78	14,78	14,79	14,84	14,84	14,79	14,71	14,62	14,50	14,35	14,19	13,99	13,79	13,51	13,24	12,90	12,57	12,19	11,82	15,02
18/06/2019 21:40:00	14,87	15,02	15,04	15,04	15,00	15,00	14,92	14,77	14,62	14,49	14,37	14,22	14,06	13,84	13,63	13,33	13,02	12,68	12,33	11,96	11,58	14,98
18/06/2019 21:45:00	15,09	15,30	15,39	15,47	15,53	15,36	15,19	15,06	14,89	14,69	14,35	14,02	13,69	13,36	13,03	12,68	12,33	11,95	11,57	11,16	10,75	15,03
18/06/2019 21:50:00	15,09	15,19	15,23	15,26	15,28	15,19	15,08	15,00	14,80	14,58	14,41	14,20	13,99	13,73	13,48	13,15	12,82	12,45	12,08	11,68	11,28	15,28
18/06/2019 21:55:00	15,35	15,27	15,26	15,31	15,38	15,40	15,34	15,18	15,05	14,92	14,67	14,41	14,14	13,85	13,57	13,24	12,91	12,54	12,16	11,74	11,32	15,33
18/06/2019 22:00:00	15,14	15,22	15,24	15,23	15,18	15,11	15,00	14,83	14,63	14,44	14,33	14,17	14,01	13,78	13,56	13,24	12,92	12,56	12,21	11,82	11,44	15,22
18/06/2019 22:05:00	15,17	15,12	15,19	15,23	15,16	15,09	14,99	14,86	14,67	14,47	14,32	14,13	13,93	13,69	13,44	13,12	12,80	12,44	12,08	11,69	11,30	15,17
18/06/2019 22:10:00	15,13	15,21	15,28	15,38	15,51	15,49	15,41	15,29	15,09	14,87	14,66	14,40	14,13	13,84	13,54	13,19	12,83	12,43	12,04	11,60	11,17	15,12
18/06/2019 22:15:00	15,20	15,16	15,17	15,13	14,97	14,97	14,90	14,71	14,56	14,41	14,18	13,95	13,72	13,46	13,20	12,89	12,59	12,24	11,90	11,52	11,14	15,22
18/06/2019 22:20:00	15,31	15,17	15,13	15,13	15,13	15,06	14,98	14,91	14,72	14,49	14,24	13,97	13,70	13,41	13,12	12,79	12,46	12,09	11,72	11,31	10,90	15,13
18/06/2019 22:25:00	15,26	15,29	15,19	15,14	15,17	15,22	15,19	15,07	14,98	14,91	14,76	14,59	14,42	14,21	14,00	13,72	13,43	13,09	12,75	12,37	11,99	15,37
18/06/2019 22:30:00	15,25	15,11	15,18	15,28	15,33	15,35	15,29	15,14	14,97	14,78	14,55	14,27	14,00	13,70	13,41	13,06	12,72	12,33	11,94	11,52	11,09	15,39
18/06/2019 22:35:00	14,99	15,20	15,27	15,36	15,47	15,51	15,47	15,36	15,13	14,87	14,65	14,38	14,11	13,80	13,50	13,14	12,78	12,37	11,97	11,52	11,07	14,95
18/06/2019 22:40:00	15,02	15,16	15,32	15,39	15,26	15,13	15,00	14,87	14,67	14,46	14,26	14,04	13,81	13,55	13,28	12,96	12,63	12,28	11,93	11,55	11,17	15,06
18/06/2019 22:45:00	15,14	15,40	15,46	15,47	15,40	15,32	15,22	15,08	14,84	14,60	14,44	14,24	14,04	13,79	13,54	13,21	12,88	12,51	12,14	11,74	11,34	14,94
18/06/2019 22:50:00	14,87	14,79	14,87	14,98	15,04	15,00	14,95	14,91	14,78	14,62	14,43	14,21	13,99	13,73	13,48	13,16	12,85	12,49	12,13	11,73	11,33	14,72
18/06/2019 22:55:00	14,64	14,76	14,82	14,88	14,89	14,95	14,91	14,77	14,63	14,50	14,38	14,21	14,04	13,81	13,58	13,27	12,96	12,61	12,25	11,86	11,47	14,70
18/06/2019 23:00:00	14,64	14,83	14,90	14,95	14,93	14,98	14,97	14,88	14,75	14,62	14,49	14,33	14,17	13,95	13,74	13,44	13,15	12,80	12,46	12,08	11,70	14,54
18/06/2019 23:05:00	14,69	14,74	14,69	14,66	14,65	14,65	14,61	14,56	14,43	14,30	14,18	14,03	13,88	13,67	13,47	13,19	12,91	12,57	12,24	11,87	11,50	14,70
18/06/2019 23:10:00	14,83	14,99	14,94	14,89	14,88	14,75	14,58	14,40	14,25	14,11	13,98	13,82	13,66	13,44	13,22	12,92	12,61	12,28	11,94	11,57	11,21	14,66
18/06/2019 23:15:00	14,76	14,76	14,74	14,75	14,73	14,63	14,48	14,29	14,20	14,15	14,03	13,87	13,72	13,52	13,31	13,02	12,74	12,41	12,09	11,74	11,39	14,69
18/06/2019 23:20:00	14,95	15,14	15,10	15,00	14,83	14,60	14,37	14,17	13,96	13,77	13,63	13,45	13,28	13,05	12,83	12,52	12,22	11,89	11,56	11,22	10,87	14,90
18/06/2019 23:25:00	15,12	15,11	15,10	15,05	14,91	14,75	14,54	14,30	14,14	14,01	13,84	13,65	13,46	13,23	13,00	12,69	12,38	12,05	11,72	11,36	11,01	15,04
18/06/2019 23:30:00	15,08	15,13	15,04	14,94	14,84	14,70	14,56	14,43	14,26	14,09	13,94	13,77	13,60	13,38	13,17	12,87	12,58	12,25	11,92	11,56	11,20	15,40
18/06/2019 23:35:00	15,15	15,15	15,03	14,92	14,85	14,79	14,68	14,49	14,36	14,25	14,09	13,91	13,73	13,50	13,28	12,99	12,71	12,37	12,04	11,68	11,31	15,14
18/06/2019 23:40:00	15,17	15,04	14,93	14,83	14,74	14,65	14,53	14,37	14,20	14,05	13,94	13,78	13,63	13,42	13,21	12,92	12,62	12,29	11,96	11,59	11,23	15,40
18/06/2019 23:45:00	15,04	14,97	14,87	14,78	14,69	14,60	14,51	14,42	14,28	14,14	14,04	13,91	13,78	13,59	13,40	13,13	12,85	12,53	12,21	11,86	11,51	15,17
18/06/2019 23:50:00	14,95	14,88	14,76	14,69	14,71	14,63	14,52	14,42	14,27	14,11	14,02	13,89	13,75	13,55	13,35	13,06	12,76	12,42	12,09	11,71	11,34	14,96
18/06/2019 23:55:00	14,98	14,89	14,83	14,78	14,72	14,69	14,64	14,56	14,42	14,27	14,11	13,92	13,73	13,51	13,28	12,99	12,70	12,37	12,03	11,65	11,28	14,92
