FileFormat:0002.2 file with temperature of atmosphere
SN105HE102
local	GMT or Local
0	GMT-Local=[hours]
0	Height[m]
0	0	0	Longitude                [grd]               [min]               [sec]
0	0	0	Latitude                [grd]               [min]               [sec]
N	NS
56,45	Freq[GHz]
0,00	dTemostat[K]
0,150	MessErr[K]
0,248	//[grad/step]
version 14.4.20120406
MTP5HE102F5645K-38.60I70D219217+A1.1
Commentary:
SN105HE102
парабола ДНА = 2,5 град
НЕ102 - ПУ - ХВБ с ЦСД " S "
АЦП - 202 - 09 с контр.U пит.и М
оптопара серии - 2
Т out № 178 пл
БП LPS - 112
End Of Commentary

SYSTEM\summer.dat
data time	0	50	100	150	200	250	300	350	400	450	500	550	600	650	700	750	800	850	900	950	1000	OutsideTemperature
17/06/2019 00:00:00	15,13	15,19	14,90	14,57	14,20	13,87	13,50	13,05	12,67	12,30	11,91	11,54	11,17	10,81	10,45	10,08	9,72	9,35	8,99	8,61	8,24	15,57
17/06/2019 00:05:00	15,11	14,91	14,61	14,30	13,99	13,69	13,36	12,96	12,58	12,21	11,84	11,48	11,11	10,76	10,40	10,03	9,67	9,30	8,93	8,55	8,16	15,46
17/06/2019 00:10:00	15,03	15,02	14,77	14,47	14,12	13,77	13,39	12,96	12,57	12,18	11,80	11,43	11,05	10,69	10,32	9,95	9,58	9,21	8,84	8,46	8,09	15,47
17/06/2019 00:15:00	15,09	14,85	14,54	14,25	13,97	13,60	13,24	12,94	12,61	12,26	11,85	11,47	11,09	10,73	10,37	10,02	9,67	9,31	8,96	8,59	8,21	15,37
17/06/2019 00:20:00	14,86	14,86	14,63	14,36	14,03	13,66	13,30	12,93	12,54	12,15	11,76	11,39	11,01	10,64	10,28	9,91	9,54	9,17	8,81	8,43	8,06	15,25
17/06/2019 00:25:00	14,82	14,82	14,53	14,19	13,81	13,40	12,99	12,58	12,22	11,87	11,50	11,15	10,79	10,45	10,11	9,76	9,41	9,07	8,72	8,37	8,02	15,29
17/06/2019 00:30:00	14,76	14,76	14,51	14,19	13,78	13,41	13,04	12,67	12,27	11,87	11,52	11,18	10,83	10,49	10,15	9,80	9,44	9,09	8,74	8,38	8,03	15,15
17/06/2019 00:35:00	14,86	14,64	14,35	14,04	13,67	13,32	12,97	12,62	12,27	11,90	11,46	11,05	10,64	10,27	9,90	9,55	9,19	8,84	8,48	8,11	7,75	15,22
17/06/2019 00:40:00	14,79	14,79	14,50	14,17	13,82	13,46	13,09	12,70	12,34	11,99	11,62	11,27	10,91	10,57	10,23	9,88	9,53	9,18	8,82	8,47	8,11	15,16
17/06/2019 00:45:00	14,82	14,71	14,36	13,97	13,55	13,20	12,83	12,42	12,05	11,69	11,32	10,98	10,63	10,30	9,96	9,62	9,28	8,93	8,59	8,24	7,89	15,22
17/06/2019 00:50:00	14,70	14,68	14,32	13,96	13,66	13,23	12,82	12,44	12,07	11,70	11,34	11,00	10,65	10,31	9,97	9,62	9,27	8,92	8,57	8,22	7,86	15,04
17/06/2019 00:55:00	14,99	15,00	14,65	14,26	13,88	13,47	13,06	12,64	12,27	11,92	11,55	11,20	10,86	10,52	10,18	9,83	9,49	9,14	8,80	8,44	8,09	15,01
17/06/2019 01:00:00	14,92	14,97	14,65	14,26	13,81	13,41	13,01	12,59	12,25	11,92	11,55	11,20	10,86	10,53	10,20	9,87	9,53	9,20	8,87	8,54	8,20	15,10
17/06/2019 01:05:00	14,88	14,89	14,56	14,20	13,85	13,47	13,06	12,65	12,24	11,84	11,48	11,14	10,79	10,44	10,09	9,73	9,36	9,00	8,64	8,27	7,90	14,95
17/06/2019 01:10:00	14,90	14,81	14,52	14,19	13,82	13,39	12,95	12,52	12,15	11,80	11,40	11,02	10,65	10,29	9,93	9,57	9,21	8,86	8,51	8,16	7,81	14,93
17/06/2019 01:15:00	14,87	14,75	14,46	14,14	13,78	13,40	13,01	12,60	12,20	11,80	11,38	10,99	10,59	10,21	9,83	9,46	9,09	8,72	8,35	7,98	7,61	14,72
17/06/2019 01:20:00	14,76	14,80	14,50	14,13	13,73	13,34	12,94	12,54	12,19	11,83	11,34	10,91	10,48	10,10	9,71	9,36	9,01	8,66	8,31	7,96	7,60	14,79
17/06/2019 01:25:00	14,78	14,62	14,32	14,00	13,66	13,24	12,82	12,42	12,02	11,62	11,22	10,83	10,44	10,07	9,70	9,33	8,96	8,60	8,23	7,87	7,50	14,68
17/06/2019 01:30:00	14,70	14,59	14,32	14,02	13,67	13,29	12,90	12,51	12,12	11,73	11,34	10,96	10,58	10,22	9,85	9,49	9,12	8,76	8,40	8,04	7,67	14,58
17/06/2019 01:35:00	14,69	14,60	14,29	13,93	13,52	13,05	12,61	12,22	11,82	11,43	11,07	10,72	10,37	10,02	9,68	9,33	8,98	8,63	8,29	7,95	7,61	14,59
17/06/2019 01:40:00	14,57	14,46	14,16	13,85	13,52	13,06	12,63	12,26	11,89	11,51	11,10	10,72	10,34	9,98	9,61	9,25	8,90	8,55	8,20	7,84	7,49	14,58
17/06/2019 01:45:00	14,62	14,33	14,00	13,66	13,30	12,93	12,57	12,20	11,85	11,50	11,09	10,70	10,32	9,96	9,60	9,25	8,90	8,56	8,21	7,86	7,50	14,52
17/06/2019 01:50:00	14,54	14,33	13,94	13,58	13,25	12,80	12,39	12,04	11,70	11,35	10,92	10,53	10,15	9,79	9,43	9,09	8,75	8,41	8,08	7,73	7,39	14,38
17/06/2019 01:55:00	14,41	14,24	13,88	13,51	13,12	12,71	12,31	11,91	11,54	11,16	10,77	10,40	10,03	9,68	9,32	8,98	8,63	8,29	7,95	7,60	7,26	14,35
17/06/2019 02:00:00	14,42	14,19	13,78	13,37	13,00	12,55	12,13	11,75	11,37	10,99	10,60	10,23	9,86	9,51	9,16	8,82	8,47	8,14	7,80	7,46	7,11	14,19
17/06/2019 02:05:00	14,29	14,13	13,74	13,30	12,84	12,42	12,00	11,56	11,14	10,74	10,34	9,96	9,59	9,23	8,87	8,53	8,18	7,84	7,50	7,16	6,83	14,25
17/06/2019 02:10:00	14,24	13,93	13,55	13,17	12,80	12,35	11,92	11,52	11,13	10,73	10,35	9,99	9,62	9,26	8,91	8,56	8,20	7,86	7,52	7,17	6,83	14,11
17/06/2019 02:15:00	14,09	13,88	13,47	13,05	12,66	12,27	11,90	11,53	11,12	10,71	10,29	9,89	9,50	9,13	8,77	8,42	8,07	7,73	7,39	7,04	6,69	13,95
17/06/2019 02:20:00	13,73	13,53	13,12	12,71	12,35	11,91	11,51	11,14	10,75	10,37	10,03	9,70	9,36	9,04	8,71	8,37	8,04	7,71	7,38	7,06	6,73	13,84
17/06/2019 02:25:00	13,80	13,54	13,16	12,77	12,36	12,01	11,68	11,34	10,96	10,58	10,24	9,91	9,58	9,26	8,94	8,61	8,28	7,96	7,63	7,30	6,96	13,74
17/06/2019 02:30:00	13,74	13,53	13,13	12,72	12,37	11,97	11,60	11,26	10,89	10,51	10,07	9,67	9,27	8,91	8,55	8,21	7,88	7,54	7,21	6,88	6,54	13,75
17/06/2019 02:35:00	13,61	13,46	13,12	12,75	12,34	11,90	11,49	11,10	10,71	10,33	9,93	9,55	9,18	8,83	8,48	8,13	7,79	7,46	7,14	6,81	6,48	13,57
17/06/2019 02:40:00	13,56	13,37	12,97	12,56	12,14	11,75	11,38	11,03	10,60	10,19	9,86	9,53	9,21	8,88	8,56	8,22	7,89	7,56	7,23	6,90	6,58	13,65
17/06/2019 02:45:00	13,44	13,30	12,95	12,57	12,15	11,73	11,31	10,88	10,46	10,05	9,65	9,27	8,89	8,52	8,16	7,81	7,45	7,12	6,78	6,45	6,11	13,48
17/06/2019 02:50:00	13,50	13,25	12,81	12,36	11,92	11,45	11,02	10,61	10,31	10,01	9,63	9,28	8,94	8,62	8,31	8,00	7,70	7,41	7,12	6,83	6,54	13,45
17/06/2019 02:55:00	13,29	13,03	12,67	12,28	11,85	11,46	11,04	10,61	10,19	9,77	9,42	9,07	8,72	8,38	8,03	7,68	7,33	7,00	6,66	6,33	6,00	13,29
17/06/2019 03:00:00	13,22	12,98	12,57	12,15	11,74	11,35	10,96	10,57	10,16	9,77	9,43	9,09	8,76	8,43	8,10	7,77	7,43	7,11	6,79	6,47	6,15	13,16
17/06/2019 03:05:00	13,02	12,91	12,59	12,19	11,71	11,22	10,77	10,33	9,96	9,60	9,22	8,86	8,51	8,18	7,84	7,51	7,19	6,88	6,58	6,28	5,99	13,09
17/06/2019 03:10:00	12,95	12,89	12,51	12,08	11,64	11,26	10,85	10,42	9,99	9,58	9,17	8,79	8,41	8,05	7,69	7,34	7,00	6,67	6,34	6,02	5,69	13,05
17/06/2019 03:15:00	13,00	12,89	12,54	12,14	11,69	11,27	10,87	10,46	10,05	9,64	9,27	8,91	8,55	8,21	7,87	7,53	7,19	6,87	6,55	6,23	5,91	13,04
17/06/2019 03:20:00	12,96	12,71	12,33	11,94	11,52	11,10	10,69	10,28	9,92	9,57	9,20	8,86	8,51	8,18	7,85	7,53	7,20	6,89	6,59	6,28	5,98	12,98
17/06/2019 03:25:00	12,92	12,77	12,44	12,00	11,46	11,04	10,65	10,25	9,83	9,43	9,08	8,75	8,42	8,10	7,78	7,46	7,13	6,83	6,52	6,23	5,93	12,94
17/06/2019 03:30:00	12,90	12,68	12,27	11,83	11,35	10,89	10,50	10,17	9,75	9,35	9,01	8,69	8,37	8,06	7,75	7,43	7,11	6,81	6,51	6,22	5,92	12,91
17/06/2019 03:35:00	12,74	12,61	12,20	11,74	11,24	10,86	10,47	10,05	9,70	9,37	9,01	8,68	8,35	8,04	7,73	7,43	7,13	6,84	6,55	6,26	5,98	12,80
17/06/2019 03:40:00	12,73	12,42	12,04	11,65	11,23	10,84	10,48	10,15	9,79	9,43	9,06	8,71	8,36	8,03	7,71	7,39	7,08	6,77	6,47	6,17	5,86	12,68
17/06/2019 03:45:00	12,47	12,19	11,83	11,44	11,01	10,64	10,26	9,87	9,56	9,25	8,92	8,61	8,30	8,00	7,70	7,39	7,09	6,80	6,51	6,23	5,94	12,52
17/06/2019 03:50:00	12,34	12,06	11,70	11,35	11,00	10,60	10,26	9,97	9,65	9,31	8,93	8,58	8,23	7,91	7,59	7,28	6,97	6,68	6,38	6,09	5,79	12,37
17/06/2019 03:55:00	12,27	11,93	11,57	11,16	10,70	10,34	9,99	9,65	9,34	9,04	8,72	8,42	8,12	7,84	7,55	7,26	6,97	6,70	6,43	6,15	5,88	12,26
17/06/2019 04:00:00	12,09	11,89	11,43	10,96	10,50	10,12	9,78	9,46	9,13	8,83	8,58	8,34	8,10	7,85	7,60	7,32	7,05	6,79	6,53	6,27	6,00	12,16
17/06/2019 04:05:00	12,09	11,83	11,39	10,95	10,54	10,20	9,85	9,50	9,09	8,73	8,50	8,24	7,99	7,72	7,44	7,13	6,82	6,53	6,24	5,94	5,65	12,07
17/06/2019 04:10:00	12,04	11,76	11,34	10,91	10,46	10,12	9,77	9,40	9,09	8,79	8,50	8,23	7,95	7,68	7,40	7,12	6,83	6,56	6,29	6,02	5,75	12,05
17/06/2019 04:15:00	12,02	11,64	11,21	10,80	10,44	10,07	9,73	9,42	9,13	8,85	8,56	8,28	8,01	7,74	7,46	7,18	6,90	6,63	6,36	6,08	5,81	12,00
17/06/2019 04:20:00	11,96	11,74	11,30	10,87	10,49	10,08	9,71	9,36	9,02	8,70	8,44	8,18	7,93	7,66	7,39	7,09	6,80	6,52	6,25	5,97	5,70	11,95
17/06/2019 04:25:00	11,86	11,64	11,20	10,77	10,39	9,99	9,63	9,30	9,01	8,73	8,42	8,14	7,85	7,58	7,30	7,02	6,74	6,48	6,21	5,95	5,68	11,89
17/06/2019 04:30:00	11,82	11,61	11,19	10,74	10,30	9,91	9,55	9,20	8,93	8,70	8,50	8,30	8,10	7,88	7,66	7,40	7,15	6,90	6,66	6,42	6,18	11,85
17/06/2019 04:35:00	11,80	11,53	11,12	10,72	10,35	9,99	9,64	9,32	9,07	8,83	8,58	8,34	8,10	7,86	7,61	7,35	7,08	6,82	6,56	6,31	6,05	11,72
17/06/2019 04:40:00	11,65	11,42	11,07	10,71	10,36	10,03	9,72	9,45	9,20	8,98	8,80	8,61	8,42	8,21	7,99	7,73	7,48	7,23	6,98	6,72	6,47	11,67
17/06/2019 04:45:00	11,42	11,26	10,98	10,66	10,27	9,99	9,72	9,45	9,26	9,09	8,95	8,81	8,66	8,48	8,30	8,06	7,82	7,59	7,36	7,12	6,89	11,52
17/06/2019 04:50:00	11,38	11,16	10,94	10,68	10,35	10,08	9,84	9,65	9,39	9,18	9,03	8,86	8,70	8,49	8,29	8,03	7,77	7,51	7,25	6,99	6,73	11,48
17/06/2019 04:55:00	11,32	11,23	10,96	10,64	10,29	10,09	9,88	9,68	9,44	9,21	9,01	8,81	8,61	8,39	8,18	7,92	7,67	7,42	7,17	6,91	6,65	11,37
17/06/2019 05:00:00	11,41	11,21	10,85	10,52	10,25	9,93	9,67	9,46	9,25	9,07	8,94	8,79	8,65	8,46	8,27	8,03	7,79	7,55	7,31	7,07	6,82	11,43
17/06/2019 05:05:00	11,46	11,18	10,83	10,49	10,18	9,91	9,67	9,46	9,24	9,06	8,94	8,80	8,66	8,48	8,30	8,06	7,82	7,58	7,34	7,09	6,85	11,42
17/06/2019 05:10:00	11,38	11,14	10,79	10,44	10,12	9,81	9,58	9,42	9,21	9,02	8,86	8,71	8,55	8,36	8,18	7,95	7,72	7,49	7,25	7,01	6,78	11,42
17/06/2019 05:15:00	11,27	11,10	10,77	10,42	10,09	9,77	9,52	9,32	9,09	8,92	8,84	8,75	8,65	8,49	8,33	8,10	7,87	7,64	7,42	7,19	6,95	11,32
17/06/2019 05:20:00	11,24	11,02	10,66	10,34	10,10	9,80	9,53	9,29	9,11	8,94	8,76	8,58	8,41	8,20	8,00	7,75	7,51	7,26	7,02	6,77	6,52	11,13
17/06/2019 05:25:00	11,08	10,74	10,41	10,09	9,79	9,55	9,35	9,18	8,93	8,72	8,57	8,40	8,23	8,04	7,84	7,59	7,34	7,09	6,85	6,59	6,33	11,08
17/06/2019 05:30:00	10,90	10,64	10,34	10,05	9,76	9,52	9,27	9,01	8,83	8,67	8,52	8,36	8,20	8,00	7,81	7,56	7,32	7,08	6,84	6,60	6,35	10,95
17/06/2019 05:35:00	10,84	10,63	10,37	10,11	9,83	9,59	9,36	9,14	8,96	8,80	8,66	8,51	8,36	8,17	7,98	7,74	7,50	7,26	7,03	6,78	6,54	10,92
17/06/2019 05:40:00	10,95	10,56	10,25	9,97	9,73	9,58	9,41	9,25	9,13	9,00	8,85	8,69	8,54	8,36	8,18	7,96	7,74	7,51	7,28	7,03	6,79	10,87
17/06/2019 05:45:00	10,83	10,49	10,28	10,09	9,92	9,82	9,69	9,55	9,42	9,31	9,24	9,14	9,03	8,87	8,71	8,48	8,25	8,01	7,77	7,51	7,25	10,74
17/06/2019 05:50:00	10,64	10,35	10,23	10,12	10,01	9,93	9,82	9,70	9,67	9,64	9,60	9,53	9,45	9,32	9,19	8,98	8,77	8,54	8,32	8,07	7,83	10,58
17/06/2019 05:55:00	10,48	10,21	10,09	9,97	9,82	9,73	9,62	9,50	9,47	9,43	9,38	9,30	9,23	9,09	8,96	8,76	8,55	8,33	8,11	7,88	7,64	10,49
17/06/2019 06:00:00	10,31	10,09	9,78	9,54	9,38	9,29	9,19	9,08	8,96	8,88	8,85	8,80	8,74	8,62	8,49	8,29	8,08	7,86	7,64	7,40	7,17	10,43
17/06/2019 06:05:00	10,12	9,88	9,60	9,34	9,10	8,81	8,58	8,41	8,26	8,10	7,91	7,73	7,55	7,35	7,15	6,92	6,69	6,47	6,25	6,02	5,80	10,29
17/06/2019 06:10:00	9,82	9,70	9,41	9,16	8,97	8,70	8,46	8,25	8,17	8,06	7,91	7,77	7,62	7,45	7,27	7,06	6,84	6,63	6,42	6,20	5,99	9,97
17/06/2019 06:15:00	9,90	9,68	9,32	8,98	8,68	8,41	8,19	8,02	7,85	7,72	7,63	7,54	7,44	7,30	7,15	6,95	6,74	6,54	6,34	6,13	5,93	9,93
17/06/2019 06:20:00	9,76	9,53	9,25	8,98	8,73	8,42	8,22	8,09	7,79	7,58	7,52	7,41	7,30	7,13	6,96	6,72	6,47	6,24	6,01	5,77	5,54	9,74
17/06/2019 06:25:00	9,67	9,39	9,08	8,78	8,48	8,24	8,00	7,78	7,62	7,48	7,36	7,24	7,11	6,94	6,77	6,55	6,33	6,12	5,91	5,70	5,49	9,68
17/06/2019 06:30:00	9,60	9,30	8,99	8,76	8,62	8,36	8,14	7,97	7,81	7,64	7,47	7,29	7,11	6,90	6,69	6,45	6,22	5,98	5,75	5,51	5,27	9,63
17/06/2019 06:35:00	9,62	9,38	9,09	8,82	8,60	8,33	8,10	7,89	7,71	7,57	7,44	7,30	7,16	6,98	6,80	6,57	6,34	6,12	5,90	5,67	5,45	9,58
17/06/2019 06:40:00	9,60	9,28	9,06	8,83	8,58	8,29	8,05	7,85	7,65	7,48	7,34	7,18	7,02	6,82	6,63	6,38	6,14	5,92	5,69	5,47	5,24	9,62
17/06/2019 06:45:00	9,52	9,22	8,95	8,70	8,44	8,15	7,92	7,75	7,53	7,34	7,19	7,02	6,86	6,66	6,46	6,22	5,98	5,76	5,53	5,31	5,08	9,46
17/06/2019 06:50:00	9,40	9,21	8,88	8,58	8,33	8,04	7,79	7,57	7,42	7,27	7,14	6,99	6,85	6,67	6,49	6,27	6,05	5,84	5,63	5,42	5,21	9,51
17/06/2019 06:55:00	9,52	9,18	8,81	8,47	8,20	8,03	7,85	7,65	7,55	7,42	7,23	7,06	6,89	6,71	6,52	6,32	6,12	5,92	5,72	5,51	5,30	9,43
17/06/2019 07:00:00	9,35	9,17	8,79	8,46	8,19	7,87	7,58	7,32	7,17	7,04	6,94	6,82	6,71	6,55	6,39	6,17	5,95	5,75	5,55	5,36	5,16	9,42
17/06/2019 07:05:00	9,36	9,14	8,82	8,52	8,23	8,01	7,78	7,56	7,34	7,17	7,05	6,91	6,77	6,58	6,40	6,17	5,94	5,72	5,50	5,28	5,06	9,32
17/06/2019 07:10:00	9,30	9,09	8,77	8,50	8,30	8,06	7,85	7,66	7,51	7,37	7,23	7,09	6,94	6,77	6,59	6,36	6,14	5,93	5,71	5,49	5,27	9,30
17/06/2019 07:15:00	9,33	9,02	8,77	8,51	8,24	8,06	7,86	7,66	7,49	7,33	7,16	6,99	6,82	6,63	6,43	6,20	5,97	5,75	5,53	5,31	5,08	9,27
17/06/2019 07:20:00	9,25	9,05	8,81	8,55	8,26	8,02	7,80	7,58	7,40	7,24	7,11	6,96	6,81	6,63	6,44	6,21	5,98	5,77	5,56	5,34	5,13	9,21
17/06/2019 07:25:00	9,15	8,89	8,62	8,37	8,14	7,97	7,74	7,50	7,32	7,18	7,09	6,97	6,85	6,67	6,50	6,26	6,03	5,80	5,58	5,35	5,12	9,18
17/06/2019 07:30:00	9,26	8,91	8,65	8,42	8,22	8,00	7,79	7,58	7,47	7,34	7,17	6,99	6,82	6,62	6,43	6,20	5,98	5,76	5,55	5,33	5,11	9,20
17/06/2019 07:35:00	9,20	8,94	8,66	8,41	8,21	8,08	7,89	7,67	7,47	7,30	7,16	7,01	6,85	6,65	6,45	6,21	5,96	5,73	5,49	5,25	5,00	9,21
17/06/2019 07:40:00	9,13	8,94	8,62	8,32	8,05	7,81	7,56	7,31	7,11	6,95	6,85	6,71	6,58	6,40	6,23	5,99	5,76	5,54	5,32	5,11	4,89	9,19
17/06/2019 07:45:00	9,16	8,86	8,63	8,41	8,19	7,98	7,80	7,62	7,40	7,20	7,03	6,85	6,67	6,45	6,24	5,99	5,74	5,51	5,27	5,03	4,79	9,25
17/06/2019 07:50:00	9,17	8,96	8,67	8,38	8,09	7,90	7,69	7,47	7,21	7,02	6,94	6,83	6,71	6,53	6,36	6,11	5,87	5,64	5,41	5,18	4,95	9,29
17/06/2019 07:55:00	9,25	9,03	8,69	8,36	8,07	7,76	7,49	7,26	7,08	6,95	6,90	6,81	6,73	6,59	6,45	6,23	6,02	5,82	5,63	5,43	5,24	9,18
17/06/2019 08:00:00	9,23	8,96	8,68	8,40	8,14	7,96	7,75	7,53	7,28	7,08	6,96	6,81	6,66	6,46	6,27	6,02	5,77	5,53	5,30	5,06	4,82	9,28
17/06/2019 08:05:00	9,33	9,02	8,75	8,44	8,08	7,85	7,62	7,39	7,23	7,07	6,92	6,76	6,61	6,43	6,25	6,03	5,81	5,61	5,41	5,21	5,00	9,30
17/06/2019 08:10:00	9,38	9,08	8,77	8,48	8,21	7,92	7,69	7,52	7,31	7,10	6,88	6,68	6,47	6,26	6,04	5,81	5,57	5,35	5,13	4,91	4,69	9,28
17/06/2019 08:15:00	9,36	9,13	8,79	8,46	8,16	7,95	7,70	7,42	7,23	7,04	6,84	6,65	6,45	6,24	6,02	5,79	5,55	5,33	5,10	4,88	4,65	9,30
17/06/2019 08:20:00	9,32	9,05	8,79	8,50	8,19	7,88	7,63	7,41	7,13	6,89	6,73	6,55	6,37	6,15	5,94	5,68	5,43	5,19	4,96	4,73	4,50	9,33
17/06/2019 08:25:00	9,27	9,09	8,77	8,43	8,08	7,81	7,50	7,18	6,92	6,71	6,59	6,43	6,28	6,08	5,88	5,63	5,38	5,15	4,92	4,70	4,48	9,35
17/06/2019 08:30:00	9,30	9,08	8,79	8,46	8,10	7,81	7,57	7,37	7,09	6,83	6,59	6,36	6,13	5,90	5,66	5,42	5,17	4,94	4,71	4,49	4,26	9,37
17/06/2019 08:35:00	9,38	9,15	8,78	8,46	8,21	7,93	7,64	7,35	7,12	6,88	6,62	6,38	6,13	5,87	5,62	5,36	5,10	4,86	4,61	4,37	4,13	9,43
17/06/2019 08:40:00	9,44	9,23	8,88	8,55	8,24	7,94	7,65	7,38	7,14	6,89	6,60	6,33	6,07	5,81	5,55	5,29	5,03	4,80	4,56	4,33	4,09	9,50
17/06/2019 08:45:00	9,61	9,26	8,93	8,60	8,24	7,96	7,66	7,35	7,11	6,87	6,63	6,39	6,14	5,90	5,65	5,39	5,13	4,90	4,66	4,43	4,20	9,57
17/06/2019 08:50:00	9,65	9,43	9,06	8,71	8,37	8,09	7,75	7,39	7,05	6,76	6,53	6,28	6,03	5,76	5,49	5,20	4,91	4,65	4,39	4,13	3,87	9,63
17/06/2019 08:55:00	9,76	9,51	9,13	8,73	8,29	8,08	7,81	7,50	7,21	6,95	6,72	6,49	6,26	6,02	5,78	5,53	5,27	5,04	4,80	4,56	4,33	9,81
17/06/2019 09:00:00	9,86	9,57	9,23	8,89	8,55	8,19	7,84	7,49	7,25	6,98	6,68	6,40	6,11	5,84	5,56	5,29	5,02	4,77	4,53	4,29	4,05	9,89
17/06/2019 09:05:00	10,00	9,76	9,34	8,93	8,56	8,24	7,88	7,50	7,24	6,94	6,58	6,26	5,94	5,64	5,34	5,06	4,78	4,53	4,28	4,04	3,79	9,99
17/06/2019 09:10:00	10,14	9,83	9,43	9,04	8,68	8,28	7,89	7,52	7,19	6,90	6,66	6,41	6,16	5,90	5,63	5,34	5,06	4,80	4,55	4,31	4,06	10,08
17/06/2019 09:15:00	10,31	9,81	9,46	9,11	8,76	8,37	8,00	7,64	7,33	7,02	6,71	6,41	6,10	5,80	5,50	5,21	4,91	4,65	4,39	4,13	3,87	10,28
17/06/2019 09:20:00	10,48	10,07	9,66	9,25	8,83	8,41	8,00	7,60	7,22	6,92	6,77	6,58	6,38	6,15	5,91	5,61	5,32	5,06	4,81	4,56	4,32	10,62
17/06/2019 09:25:00	10,66	10,21	9,84	9,44	8,98	8,56	8,17	7,80	7,45	7,12	6,82	6,52	6,23	5,94	5,65	5,35	5,06	4,80	4,54	4,29	4,04	11,16
17/06/2019 09:30:00	10,99	10,39	9,96	9,56	9,18	8,88	8,53	8,14	7,85	7,52	7,13	6,77	6,40	6,07	5,74	5,44	5,14	4,86	4,58	4,31	4,03	11,34
17/06/2019 09:35:00	11,14	10,61	10,09	9,65	9,33	8,91	8,60	8,36	8,04	7,69	7,27	6,91	6,54	6,22	5,90	5,62	5,34	5,07	4,80	4,53	4,25	11,30
17/06/2019 09:40:00	11,27	10,82	10,39	10,00	9,64	9,28	8,92	8,56	8,25	7,92	7,53	7,17	6,82	6,49	6,16	5,86	5,56	5,28	5,00	4,72	4,44	11,77
17/06/2019 09:45:00	11,49	10,98	10,45	9,96	9,53	9,14	8,74	8,35	7,99	7,66	7,35	7,05	6,75	6,46	6,17	5,87	5,58	5,30	5,03	4,76	4,49	11,80
17/06/2019 09:50:00	11,57	11,03	10,53	10,08	9,70	9,36	8,99	8,60	8,19	7,78	7,38	7,01	6,63	6,28	5,93	5,60	5,27	4,96	4,65	4,34	4,04	11,67
17/06/2019 09:55:00	11,54	11,23	10,80	10,33	9,84	9,34	8,90	8,51	8,12	7,73	7,33	6,97	6,60	6,27	5,93	5,62	5,31	5,04	4,76	4,50	4,23	12,05
17/06/2019 10:00:00	11,67	11,18	10,73	10,30	9,89	9,46	9,06	8,68	8,27	7,87	7,48	7,11	6,74	6,39	6,04	5,72	5,39	5,09	4,79	4,50	4,20	11,92
17/06/2019 10:05:00	11,72	11,30	10,91	10,46	9,90	9,46	9,06	8,69	8,29	7,88	7,46	7,08	6,70	6,36	6,02	5,71	5,40	5,12	4,84	4,56	4,29	12,05
17/06/2019 10:10:00	11,97	11,52	11,03	10,53	10,05	9,55	9,09	8,65	8,31	7,96	7,59	7,26	6,92	6,60	6,28	5,98	5,68	5,41	5,14	4,88	4,62	12,34
17/06/2019 10:15:00	12,06	11,63	11,18	10,72	10,27	9,85	9,45	9,06	8,64	8,25	7,93	7,61	7,29	6,97	6,66	6,34	6,02	5,72	5,43	5,14	4,85	12,64
17/06/2019 10:20:00	12,39	12,01	11,53	11,07	10,66	10,13	9,65	9,24	8,79	8,32	7,85	7,41	6,97	6,57	6,17	5,82	5,47	5,15	4,83	4,51	4,20	13,30
17/06/2019 10:25:00	12,55	11,98	11,45	10,95	10,50	10,09	9,67	9,23	8,79	8,35	7,98	7,62	7,25	6,91	6,56	6,22	5,88	5,57	5,25	4,94	4,63	12,64
17/06/2019 10:30:00	12,55	12,07	11,61	11,11	10,54	10,02	9,56	9,16	8,74	8,36	8,08	7,79	7,51	7,23	6,94	6,64	6,33	6,06	5,78	5,52	5,26	12,60
17/06/2019 10:35:00	12,84	12,27	11,72	11,17	10,62	10,07	9,58	9,17	8,82	8,49	8,15	7,85	7,54	7,25	6,96	6,67	6,38	6,12	5,86	5,61	5,35	13,40
17/06/2019 10:40:00	12,99	12,55	12,00	11,43	10,87	10,38	9,96	9,60	9,16	8,74	8,41	8,10	7,80	7,49	7,19	6,89	6,58	6,30	6,01	5,73	5,45	13,38
17/06/2019 10:45:00	13,20	12,69	12,22	11,75	11,28	10,73	10,24	9,81	9,45	9,07	8,64	8,24	7,84	7,48	7,13	6,80	6,48	6,18	5,88	5,59	5,29	13,63
17/06/2019 10:50:00	13,32	12,84	12,28	11,75	11,25	10,77	10,34	9,93	9,54	9,15	8,70	8,30	7,90	7,55	7,20	6,88	6,56	6,25	5,95	5,65	5,35	14,28
17/06/2019 10:55:00	13,39	12,97	12,54	12,08	11,57	11,09	10,61	10,10	9,61	9,12	8,71	8,30	7,90	7,51	7,12	6,75	6,38	6,04	5,70	5,37	5,04	14,00
17/06/2019 11:00:00	13,72	13,17	12,69	12,23	11,81	11,33	10,90	10,50	10,01	9,51	9,05	8,61	8,17	7,77	7,36	6,99	6,62	6,27	5,92	5,57	5,22	14,07
17/06/2019 11:05:00	13,88	13,30	12,77	12,24	11,73	11,23	10,74	10,26	9,87	9,47	8,98	8,54	8,10	7,72	7,33	6,99	6,65	6,34	6,02	5,71	5,39	14,26
17/06/2019 11:10:00	14,07	13,58	13,11	12,65	12,20	11,71	11,24	10,76	10,28	9,78	9,26	8,77	8,27	7,84	7,40	7,02	6,64	6,27	5,91	5,56	5,20	14,49
17/06/2019 11:15:00	14,00	13,81	13,35	12,85	12,33	11,82	11,33	10,84	10,29	9,73	9,21	8,73	8,25	7,82	7,38	6,99	6,59	6,23	5,86	5,50	5,14	15,00
17/06/2019 11:20:00	14,00	13,59	13,18	12,71	12,17	11,62	11,13	10,69	10,27	9,82	9,24	8,74	8,23	7,81	7,38	7,02	6,67	6,34	6,01	5,68	5,35	14,32
17/06/2019 11:25:00	14,28	13,80	13,36	12,91	12,46	11,95	11,44	10,92	10,44	9,98	9,54	9,11	8,68	8,27	7,87	7,49	7,11	6,75	6,40	6,05	5,70	14,99
17/06/2019 11:30:00	14,31	13,97	13,50	13,03	12,55	12,05	11,56	11,09	10,57	10,04	9,57	9,11	8,66	8,25	7,83	7,44	7,05	6,69	6,32	5,96	5,60	15,12
17/06/2019 11:35:00	14,53	14,05	13,55	13,03	12,48	11,93	11,41	10,89	10,41	9,95	9,48	9,05	8,62	8,22	7,82	7,46	7,09	6,75	6,41	6,07	5,74	15,19
17/06/2019 11:40:00	14,52	14,04	13,59	13,14	12,67	12,20	11,74	11,27	10,76	10,24	9,75	9,27	8,80	8,37	7,94	7,55	7,16	6,78	6,41	6,04	5,67	15,40
17/06/2019 11:45:00	14,83	14,20	13,72	13,29	12,88	12,43	11,98	11,52	11,03	10,52	10,02	9,53	9,05	8,61	8,17	7,78	7,38	7,00	6,61	6,23	5,84	15,24
17/06/2019 11:50:00	14,75	14,50	13,98	13,42	12,86	12,22	11,65	11,17	10,68	10,20	9,74	9,32	8,90	8,52	8,13	7,77	7,41	7,08	6,75	6,42	6,10	15,30
17/06/2019 11:55:00	14,95	14,49	14,04	13,57	13,12	12,64	12,17	11,72	11,28	10,82	10,32	9,86	9,39	8,98	8,57	8,20	7,82	7,46	7,11	6,74	6,38	15,14
17/06/2019 12:00:00	15,17	14,71	14,15	13,58	13,07	12,49	11,94	11,43	10,88	10,33	9,91	9,49	9,08	8,68	8,28	7,89	7,50	7,14	6,77	6,41	6,06	15,39
17/06/2019 12:05:00	15,08	14,74	14,18	13,67	13,27	12,80	12,33	11,88	11,40	10,89	10,36	9,88	9,39	8,96	8,53	8,14	7,75	7,37	6,99	6,60	6,22	15,60
17/06/2019 12:10:00	15,27	14,82	14,34	13,87	13,44	13,02	12,58	12,09	11,61	11,10	10,52	9,98	9,45	8,98	8,52	8,11	7,71	7,32	6,93	6,53	6,13	16,22
17/06/2019 12:15:00	15,54	15,00	14,46	13,95	13,49	13,01	12,51	12,01	11,49	10,95	10,49	10,04	9,59	9,17	8,75	8,35	7,95	7,57	7,18	6,79	6,41	16,26
17/06/2019 12:20:00	15,72	15,13	14,56	14,03	13,56	13,09	12,60	12,08	11,57	11,05	10,58	10,12	9,66	9,24	8,82	8,42	8,02	7,64	7,25	6,87	6,48	16,55
17/06/2019 12:25:00	15,60	15,16	14,68	14,19	13,68	13,23	12,77	12,27	11,78	11,26	10,71	10,21	9,70	9,25	8,80	8,41	8,01	7,62	7,24	6,85	6,46	16,39
17/06/2019 12:30:00	15,73	15,30	14,87	14,42	13,93	13,44	12,94	12,40	11,83	11,23	10,70	10,18	9,66	9,19	8,71	8,28	7,85	7,43	7,02	6,61	6,20	16,11
17/06/2019 12:35:00	15,70	15,38	14,89	14,39	13,91	13,40	12,89	12,35	11,83	11,30	10,76	10,26	9,75	9,30	8,85	8,44	8,03	7,64	7,25	6,86	6,46	16,49
17/06/2019 12:40:00	16,02	15,53	15,04	14,55	14,06	13,58	13,09	12,57	12,04	11,49	10,99	10,51	10,02	9,58	9,14	8,73	8,32	7,92	7,52	7,12	6,72	16,61
17/06/2019 12:45:00	16,14	15,61	15,14	14,65	14,11	13,66	13,23	12,80	12,33	11,84	11,28	10,77	10,27	9,83	9,39	9,01	8,62	8,24	7,87	7,48	7,09	16,80
17/06/2019 12:50:00	16,35	15,76	15,30	14,85	14,38	13,93	13,48	13,02	12,57	12,11	11,47	10,90	10,33	9,85	9,37	8,97	8,57	8,17	7,78	7,37	6,96	17,07
17/06/2019 12:55:00	16,28	15,70	15,23	14,79	14,38	13,93	13,45	12,93	12,45	11,97	11,39	10,86	10,32	9,85	9,38	8,97	8,55	8,14	7,74	7,32	6,91	17,27
17/06/2019 13:00:00	16,20	15,79	15,31	14,83	14,35	13,87	13,39	12,90	12,40	11,88	11,38	10,91	10,44	10,01	9,58	9,18	8,78	8,38	7,99	7,60	7,20	17,01
17/06/2019 13:05:00	16,13	15,82	15,37	14,88	14,38	13,89	13,41	12,94	12,42	11,86	11,34	10,85	10,36	9,91	9,47	9,06	8,66	8,26	7,86	7,46	7,06	16,90
17/06/2019 13:10:00	16,33	16,07	15,71	15,29	14,78	14,23	13,68	13,13	12,57	11,97	11,36	10,79	10,23	9,72	9,22	8,78	8,33	7,91	7,48	7,06	6,64	18,05
17/06/2019 13:15:00	16,52	15,92	15,40	14,91	14,49	14,03	13,58	13,16	12,71	12,25	11,73	11,24	10,76	10,34	9,91	9,52	9,14	8,75	8,36	7,97	7,57	16,57
17/06/2019 13:20:00	16,66	16,10	15,68	15,26	14,79	14,34	13,90	13,44	12,96	12,45	11,92	11,42	10,92	10,47	10,03	9,62	9,21	8,81	8,40	7,99	7,58	17,24
17/06/2019 13:25:00	16,78	16,33	15,90	15,47	15,03	14,54	14,04	13,54	13,00	12,44	11,87	11,33	10,79	10,30	9,82	9,39	8,95	8,52	8,10	7,67	7,24	17,66
17/06/2019 13:30:00	16,97	16,30	15,82	15,36	14,87	14,37	13,86	13,36	12,87	12,36	11,81	11,29	10,77	10,31	9,86	9,44	9,03	8,63	8,22	7,81	7,40	17,84
17/06/2019 13:35:00	17,07	16,45	15,94	15,46	15,01	14,55	14,05	13,50	13,04	12,59	12,02	11,49	10,97	10,50	10,04	9,63	9,22	8,82	8,42	8,00	7,59	18,11
17/06/2019 13:40:00	17,08	16,50	16,05	15,61	15,15	14,63	14,12	13,65	13,16	12,64	12,05	11,50	10,95	10,48	10,00	9,58	9,16	8,75	8,34	7,92	7,50	17,99
17/06/2019 13:45:00	16,99	16,50	16,04	15,60	15,20	14,77	14,32	13,80	13,31	12,80	12,21	11,66	11,12	10,63	10,15	9,72	9,29	8,86	8,44	8,00	7,56	18,36
17/06/2019 13:50:00	16,68	16,42	15,98	15,50	14,99	14,45	13,93	13,44	12,93	12,41	11,95	11,51	11,07	10,65	10,24	9,84	9,44	9,05	8,66	8,27	7,88	17,31
17/06/2019 13:55:00	16,71	16,35	15,88	15,44	15,06	14,58	14,12	13,69	13,22	12,73	12,23	11,76	11,30	10,87	10,44	10,04	9,64	9,23	8,83	8,42	8,00	17,54
17/06/2019 14:00:00	16,66	16,34	15,99	15,61	15,15	14,67	14,21	13,78	13,29	12,76	12,25	11,76	11,27	10,83	10,39	9,98	9,56	9,15	8,75	8,33	7,92	17,01
17/06/2019 14:05:00	16,52	16,28	15,87	15,45	15,01	14,56	14,11	13,64	13,22	12,81	12,27	11,79	11,30	10,87	10,44	10,05	9,67	9,28	8,89	8,49	8,10	16,81
17/06/2019 14:10:00	15,69	15,57	15,30	15,02	14,72	14,38	14,04	13,71	13,34	12,96	12,63	12,30	11,96	11,62	11,28	10,92	10,56	10,19	9,81	9,43	9,04	16,31
17/06/2019 14:15:00	15,86	15,76	15,44	15,11	14,78	14,43	14,07	13,70	13,32	12,94	12,53	12,15	11,77	11,40	11,03	10,66	10,30	9,92	9,54	9,15	8,76	15,95
17/06/2019 14:20:00	16,71	16,10	15,68	15,30	14,95	14,57	14,17	13,73	13,35	12,99	12,59	12,21	11,82	11,45	11,08	10,71	10,34	9,96	9,58	9,19	8,79	17,52
17/06/2019 14:25:00	16,62	16,30	15,87	15,46	15,07	14,69	14,31	13,93	13,46	12,96	12,52	12,10	11,68	11,27	10,87	10,48	10,09	9,68	9,28	8,86	8,45	17,77
17/06/2019 14:30:00	16,60	16,42	16,06	15,66	15,20	14,73	14,25	13,75	13,25	12,75	12,37	11,99	11,61	11,23	10,84	10,44	10,04	9,64	9,25	8,85	8,45	17,13
17/06/2019 14:35:00	16,79	16,50	16,17	15,82	15,42	15,03	14,63	14,20	13,71	13,17	12,63	12,13	11,62	11,16	10,70	10,27	9,84	9,41	8,98	8,54	8,10	17,33
17/06/2019 14:40:00	17,25	16,67	16,23	15,78	15,32	14,90	14,49	14,08	13,65	13,20	12,68	12,20	11,72	11,30	10,88	10,49	10,10	9,71	9,31	8,90	8,50	18,26
17/06/2019 14:45:00	17,55	16,91	16,42	15,94	15,44	15,02	14,58	14,06	13,59	13,14	12,63	12,15	11,67	11,24	10,81	10,41	10,01	9,61	9,20	8,79	8,37	18,56
17/06/2019 14:50:00	17,64	17,04	16,50	15,99	15,52	15,06	14,62	14,19	13,73	13,25	12,75	12,29	11,83	11,41	10,99	10,60	10,21	9,81	9,41	9,00	8,58	18,54
17/06/2019 14:55:00	17,49	17,04	16,62	16,21	15,80	15,28	14,76	14,28	13,81	13,32	12,75	12,22	11,69	11,22	10,76	10,34	9,91	9,49	9,08	8,65	8,22	18,06
17/06/2019 15:00:00	17,11	16,94	16,51	16,07	15,61	15,18	14,74	14,26	13,79	13,31	12,75	12,24	11,73	11,28	10,83	10,42	10,01	9,60	9,19	8,77	8,35	17,56
17/06/2019 15:05:00	17,67	17,25	16,75	16,27	15,87	15,37	14,87	14,42	13,91	13,37	12,84	12,33	11,83	11,38	10,92	10,50	10,07	9,65	9,22	8,78	8,35	18,02
17/06/2019 15:10:00	17,84	17,36	16,93	16,50	16,11	15,67	15,20	14,70	14,17	13,62	13,02	12,45	11,89	11,38	10,88	10,43	9,98	9,53	9,08	8,62	8,16	18,89
17/06/2019 15:15:00	17,79	17,25	16,86	16,48	16,03	15,58	15,11	14,61	14,11	13,61	13,10	12,61	12,11	11,66	11,21	10,78	10,35	9,93	9,50	9,06	8,62	19,09
17/06/2019 15:20:00	18,09	17,45	16,99	16,55	16,08	15,66	15,23	14,72	14,23	13,73	13,22	12,73	12,24	11,79	11,34	10,92	10,50	10,08	9,65	9,21	8,77	18,64
17/06/2019 15:25:00	17,77	17,42	17,03	16,60	16,13	15,64	15,12	14,59	14,06	13,53	13,04	12,56	12,08	11,64	11,19	10,76	10,33	9,90	9,48	9,05	8,62	19,21
17/06/2019 15:30:00	18,16	17,59	17,08	16,61	16,22	15,75	15,27	14,81	14,34	13,87	13,36	12,88	12,40	11,96	11,52	11,11	10,70	10,28	9,86	9,42	8,99	18,92
17/06/2019 15:35:00	18,20	17,71	17,22	16,71	16,20	15,66	15,12	14,61	14,11	13,61	13,15	12,71	12,27	11,86	11,45	11,04	10,64	10,23	9,83	9,42	9,01	19,42
17/06/2019 15:40:00	17,83	17,56	17,12	16,65	16,16	15,66	15,16	14,68	14,19	13,70	13,17	12,68	12,19	11,75	11,31	10,90	10,49	10,08	9,66	9,24	8,82	18,61
17/06/2019 15:45:00	18,25	17,66	17,12	16,61	16,19	15,68	15,19	14,74	14,24	13,71	13,14	12,61	12,09	11,62	11,15	10,73	10,31	9,88	9,45	9,00	8,56	19,97
17/06/2019 15:50:00	18,06	17,44	16,90	16,39	15,88	15,42	14,95	14,45	13,93	13,40	12,94	12,49	12,05	11,63	11,21	10,80	10,39	9,97	9,56	9,13	8,70	19,32
17/06/2019 15:55:00	17,94	17,45	16,97	16,51	16,06	15,61	15,17	14,73	14,27	13,79	13,25	12,75	12,24	11,80	11,36	10,95	10,54	10,13	9,71	9,28	8,85	19,23
17/06/2019 16:00:00	17,84	17,43	16,99	16,54	16,09	15,66	15,20	14,69	14,19	13,69	13,14	12,63	12,12	11,66	11,20	10,77	10,35	9,92	9,49	9,04	8,60	19,07
17/06/2019 16:05:00	18,05	17,56	17,08	16,57	15,99	15,48	14,99	14,48	14,00	13,52	13,06	12,62	12,19	11,79	11,39	10,99	10,60	10,21	9,81	9,41	9,01	19,40
17/06/2019 16:10:00	17,90	17,36	16,91	16,48	16,06	15,57	15,10	14,68	14,21	13,69	13,18	12,69	12,21	11,77	11,33	10,91	10,50	10,08	9,66	9,23	8,80	18,49
17/06/2019 16:15:00	18,08	17,61	17,17	16,75	16,33	15,93	15,53	15,11	14,62	14,08	13,55	13,04	12,53	12,07	11,62	11,19	10,77	10,33	9,89	9,43	8,98	19,47
17/06/2019 16:20:00	18,21	17,54	17,02	16,52	16,06	15,58	15,11	14,63	14,12	13,60	13,17	12,74	12,31	11,90	11,49	11,08	10,67	10,25	9,84	9,41	8,99	19,01
17/06/2019 16:25:00	18,06	17,66	17,20	16,72	16,24	15,76	15,30	14,84	14,36	13,85	13,29	12,78	12,26	11,81	11,36	10,94	10,53	10,11	9,69	9,25	8,82	19,52
17/06/2019 16:30:00	18,24	17,85	17,39	16,92	16,42	15,88	15,36	14,86	14,33	13,78	13,24	12,73	12,22	11,76	11,30	10,87	10,44	10,02	9,59	9,15	8,72	19,24
17/06/2019 16:35:00	18,35	17,81	17,30	16,81	16,31	15,80	15,28	14,77	14,31	13,86	13,33	12,85	12,36	11,93	11,49	11,09	10,68	10,27	9,87	9,45	9,03	19,69
17/06/2019 16:40:00	18,26	17,64	17,12	16,62	16,14	15,69	15,26	14,82	14,33	13,80	13,36	12,94	12,52	12,11	11,71	11,30	10,90	10,49	10,07	9,64	9,21	19,43
17/06/2019 16:45:00	18,39	17,83	17,36	16,89	16,43	15,95	15,48	15,03	14,53	14,00	13,45	12,94	12,43	11,97	11,51	11,08	10,66	10,23	9,80	9,36	8,91	20,07
17/06/2019 16:50:00	18,19	17,74	17,25	16,77	16,30	15,81	15,33	14,84	14,38	13,92	13,39	12,89	12,40	11,96	11,52	11,11	10,71	10,29	9,88	9,46	9,03	19,21
17/06/2019 16:55:00	18,27	17,75	17,25	16,77	16,32	15,85	15,40	14,98	14,51	14,00	13,53	13,08	12,63	12,21	11,80	11,39	10,99	10,58	10,16	9,73	9,30	19,35
17/06/2019 17:00:00	18,23	17,83	17,33	16,83	16,36	15,89	15,41	14,89	14,38	13,86	13,36	12,88	12,40	11,96	11,51	11,09	10,67	10,25	9,82	9,39	8,95	19,77
17/06/2019 17:05:00	17,72	17,56	17,21	16,82	16,39	15,96	15,51	15,01	14,47	13,89	13,38	12,89	12,40	11,94	11,48	11,03	10,59	10,14	9,70	9,24	8,79	18,31
17/06/2019 17:10:00	18,01	17,71	17,25	16,77	16,30	15,84	15,38	14,91	14,41	13,88	13,43	12,99	12,56	12,15	11,73	11,32	10,91	10,49	10,08	9,65	9,22	18,88
17/06/2019 17:15:00	17,83	17,57	17,19	16,79	16,32	15,83	15,37	14,94	14,48	13,99	13,47	12,99	12,51	12,08	11,65	11,24	10,83	10,42	10,01	9,58	9,16	18,35
17/06/2019 17:20:00	18,33	17,78	17,31	16,85	16,37	15,92	15,47	14,99	14,53	14,07	13,56	13,08	12,60	12,17	11,74	11,34	10,93	10,52	10,10	9,67	9,25	19,26
17/06/2019 17:25:00	18,46	17,87	17,44	17,01	16,55	16,13	15,69	15,20	14,74	14,30	13,73	13,21	12,68	12,22	11,76	11,35	10,93	10,50	10,08	9,63	9,19	19,81
17/06/2019 17:30:00	18,15	17,91	17,48	17,02	16,54	16,09	15,64	15,14	14,64	14,14	13,58	13,06	12,54	12,08	11,62	11,20	10,77	10,34	9,91	9,47	9,03	19,18
17/06/2019 17:35:00	17,93	17,69	17,37	17,03	16,60	16,14	15,69	15,26	14,83	14,39	13,76	13,19	12,63	12,14	11,66	11,24	10,82	10,40	9,97	9,53	9,09	18,94
17/06/2019 17:40:00	18,01	17,88	17,56	17,18	16,69	16,22	15,74	15,22	14,71	14,18	13,65	13,14	12,64	12,17	11,71	11,28	10,84	10,41	9,98	9,53	9,09	19,32
17/06/2019 17:45:00	18,01	17,82	17,43	17,04	16,66	16,25	15,82	15,38	14,92	14,46	13,89	13,37	12,85	12,39	11,93	11,50	11,08	10,65	10,22	9,77	9,32	19,07
17/06/2019 17:50:00	17,83	17,75	17,48	17,15	16,70	16,24	15,78	15,29	14,81	14,32	13,80	13,32	12,83	12,38	11,93	11,51	11,08	10,65	10,22	9,78	9,34	18,36
17/06/2019 17:55:00	17,59	17,31	16,92	16,51	16,08	15,61	15,17	14,77	14,29	13,78	13,27	12,79	12,31	11,87	11,44	11,03	10,62	10,20	9,78	9,35	8,93	17,93
17/06/2019 18:00:00	17,15	16,93	16,48	16,03	15,60	15,10	14,60	14,16	13,71	13,27	12,85	12,45	12,05	11,66	11,28	10,90	10,52	10,13	9,74	9,35	8,96	17,61
17/06/2019 18:05:00	16,79	16,50	16,13	15,71	15,22	14,76	14,31	13,81	13,38	12,95	12,40	11,91	11,41	10,97	10,53	10,14	9,75	9,36	8,96	8,57	8,17	17,24
17/06/2019 18:10:00	16,24	15,88	15,51	15,11	14,66	14,25	13,85	13,46	13,05	12,60	12,09	11,63	11,16	10,75	10,33	9,96	9,58	9,20	8,82	8,42	8,03	16,72
17/06/2019 18:15:00	15,69	15,47	15,10	14,73	14,35	13,96	13,59	13,24	12,88	12,52	12,11	11,73	11,34	10,99	10,63	10,28	9,94	9,58	9,23	8,86	8,49	16,08
17/06/2019 18:20:00	15,50	15,22	14,95	14,67	14,34	14,00	13,65	13,28	12,90	12,50	12,06	11,64	11,22	10,83	10,44	10,07	9,69	9,31	8,93	8,54	8,15	15,88
17/06/2019 18:25:00	15,79	15,36	14,98	14,62	14,27	13,96	13,66	13,35	13,00	12,63	12,24	11,87	11,50	11,15	10,80	10,46	10,11	9,75	9,39	9,00	8,62	15,74
17/06/2019 18:30:00	15,65	15,38	15,01	14,63	14,22	13,84	13,47	13,09	12,74	12,40	12,07	11,76	11,45	11,13	10,82	10,48	10,15	9,80	9,46	9,11	8,75	15,65
17/06/2019 18:35:00	15,91	15,51	15,10	14,70	14,33	13,93	13,55	13,17	12,84	12,51	12,13	11,77	11,41	11,07	10,73	10,39	10,05	9,70	9,35	8,99	8,63	16,01
17/06/2019 18:40:00	16,14	15,66	15,19	14,76	14,39	13,96	13,57	13,24	12,82	12,37	12,04	11,71	11,37	11,03	10,70	10,34	9,98	9,61	9,25	8,87	8,49	16,42
17/06/2019 18:45:00	16,13	15,71	15,32	14,93	14,53	14,18	13,80	13,40	13,04	12,70	12,27	11,87	11,48	11,11	10,74	10,39	10,03	9,67	9,31	8,93	8,56	16,38
17/06/2019 18:50:00	16,34	15,87	15,47	15,07	14,66	14,26	13,85	13,43	13,01	12,60	12,21	11,83	11,45	11,09	10,72	10,35	9,97	9,60	9,22	8,84	8,45	16,78
17/06/2019 18:55:00	16,47	16,04	15,56	15,11	14,68	14,25	13,82	13,38	12,98	12,59	12,15	11,75	11,34	10,97	10,59	10,23	9,86	9,49	9,12	8,74	8,36	16,80
17/06/2019 19:00:00	16,57	16,11	15,59	15,07	14,59	14,17	13,77	13,39	13,00	12,62	12,23	11,87	11,51	11,17	10,83	10,49	10,15	9,80	9,45	9,08	8,72	17,11
17/06/2019 19:05:00	16,67	16,07	15,61	15,20	14,83	14,46	14,06	13,65	13,31	12,97	12,47	12,02	11,57	11,17	10,77	10,40	10,04	9,67	9,29	8,90	8,51	17,11
17/06/2019 19:10:00	16,78	16,19	15,68	15,17	14,69	14,23	13,79	13,36	12,91	12,45	12,10	11,75	11,39	11,05	10,70	10,33	9,97	9,60	9,23	8,86	8,48	17,41
17/06/2019 19:15:00	16,60	16,16	15,77	15,35	14,85	14,36	13,90	13,45	13,03	12,60	12,11	11,66	11,21	10,80	10,40	10,02	9,64	9,27	8,89	8,51	8,13	17,21
17/06/2019 19:20:00	16,45	16,13	15,65	15,19	14,81	14,41	14,00	13,54	13,11	12,68	12,32	11,96	11,60	11,24	10,89	10,51	10,14	9,76	9,38	8,99	8,60	16,81
17/06/2019 19:25:00	16,22	15,90	15,55	15,20	14,85	14,50	14,14	13,79	13,43	13,08	12,71	12,36	12,01	11,67	11,33	10,98	10,62	10,26	9,89	9,51	9,13	16,14
17/06/2019 19:30:00	16,02	15,78	15,45	15,07	14,61	14,27	13,92	13,54	13,19	12,85	12,54	12,25	11,95	11,64	11,34	11,00	10,67	10,32	9,98	9,62	9,26	15,98
17/06/2019 19:35:00	15,92	15,70	15,36	15,02	14,68	14,34	14,00	13,63	13,29	12,97	12,64	12,32	12,00	11,68	11,35	11,01	10,67	10,31	9,95	9,58	9,21	15,91
17/06/2019 19:40:00	16,17	15,72	15,30	14,95	14,70	14,41	14,09	13,75	13,43	13,11	12,77	12,44	12,10	11,77	11,44	11,10	10,75	10,38	10,01	9,63	9,24	16,17
17/06/2019 19:45:00	16,46	15,85	15,48	15,12	14,74	14,41	14,09	13,79	13,40	12,99	12,66	12,33	12,00	11,66	11,33	10,97	10,62	10,25	9,87	9,48	9,09	16,81
17/06/2019 19:50:00	16,60	16,01	15,56	15,11	14,64	14,32	14,02	13,69	13,30	12,91	12,63	12,34	12,05	11,75	11,45	11,12	10,78	10,43	10,08	9,70	9,33	16,87
17/06/2019 19:55:00	16,58	16,03	15,58	15,16	14,77	14,40	14,04	13,69	13,32	12,96	12,66	12,35	12,04	11,73	11,42	11,08	10,74	10,38	10,03	9,66	9,28	17,17
17/06/2019 20:00:00	16,54	15,90	15,50	15,13	14,74	14,40	14,06	13,71	13,36	13,02	12,68	12,34	12,01	11,68	11,35	11,00	10,66	10,30	9,94	9,56	9,19	16,93
17/06/2019 20:05:00	16,52	15,87	15,45	15,12	14,89	14,51	14,12	13,80	13,43	13,02	12,66	12,28	11,91	11,55	11,18	10,81	10,43	10,04	9,65	9,25	8,84	17,27
17/06/2019 20:10:00	16,28	15,67	15,31	14,97	14,63	14,33	14,03	13,71	13,38	13,03	12,66	12,30	11,93	11,59	11,24	10,89	10,54	10,18	9,81	9,43	9,04	16,89
17/06/2019 20:15:00	16,05	15,57	15,24	14,93	14,62	14,27	13,93	13,61	13,35	13,11	12,74	12,39	12,05	11,72	11,40	11,07	10,75	10,41	10,06	9,71	9,35	16,20
17/06/2019 20:20:00	15,98	15,49	15,20	14,95	14,73	14,46	14,17	13,87	13,55	13,20	12,80	12,41	12,02	11,65	11,28	10,91	10,54	10,16	9,77	9,37	8,96	16,17
17/06/2019 20:25:00	15,99	15,46	15,26	15,07	14,83	14,55	14,27	14,02	13,70	13,35	13,03	12,71	12,38	12,04	11,71	11,35	10,99	10,62	10,24	9,85	9,45	16,04
17/06/2019 20:30:00	15,81	15,48	15,36	15,24	15,09	14,79	14,48	14,19	13,88	13,53	13,08	12,63	12,19	11,78	11,37	10,99	10,60	10,20	9,80	9,38	8,96	15,73
17/06/2019 20:35:00	15,58	15,41	15,23	15,03	14,80	14,51	14,19	13,84	13,53	13,22	12,82	12,43	12,04	11,67	11,30	10,94	10,57	10,19	9,81	9,42	9,02	15,43
17/06/2019 20:40:00	15,58	15,32	15,14	14,98	14,79	14,54	14,24	13,90	13,55	13,19	12,78	12,38	11,97	11,58	11,19	10,80	10,42	10,02	9,62	9,20	8,78	15,64
17/06/2019 20:45:00	15,60	15,36	15,20	15,04	14,84	14,66	14,40	14,04	13,70	13,36	12,94	12,52	12,10	11,71	11,31	10,93	10,54	10,14	9,74	9,31	8,89	15,77
17/06/2019 20:50:00	15,68	15,33	15,10	14,89	14,64	14,34	14,04	13,77	13,45	13,12	12,81	12,48	12,16	11,83	11,51	11,16	10,81	10,44	10,08	9,69	9,31	15,71
17/06/2019 20:55:00	15,63	15,26	15,10	14,96	14,75	14,55	14,28	13,94	13,58	13,19	12,86	12,49	12,13	11,76	11,39	11,00	10,61	10,21	9,81	9,38	8,96	15,59
17/06/2019 21:00:00	15,52	15,16	15,00	14,85	14,64	14,40	14,14	13,87	13,61	13,31	12,84	12,41	11,97	11,58	11,19	10,83	10,47	10,10	9,72	9,32	8,92	15,45
17/06/2019 21:05:00	15,40	15,16	15,08	15,00	14,87	14,64	14,36	14,05	13,75	13,43	13,01	12,58	12,16	11,77	11,37	10,99	10,61	10,21	9,81	9,40	8,98	15,37
17/06/2019 21:10:00	15,31	15,11	15,02	14,90	14,74	14,52	14,27	13,98	13,66	13,32	12,96	12,59	12,22	11,86	11,49	11,12	10,74	10,35	9,97	9,55	9,14	15,28
17/06/2019 21:15:00	15,14	14,93	14,80	14,68	14,54	14,30	14,04	13,81	13,47	13,11	12,81	12,48	12,14	11,80	11,46	11,09	10,72	10,34	9,95	9,55	9,14	15,16
17/06/2019 21:20:00	15,06	14,82	14,64	14,50	14,38	14,21	13,98	13,69	13,42	13,12	12,77	12,41	12,06	11,70	11,35	10,99	10,63	10,25	9,87	9,46	9,05	15,09
17/06/2019 21:25:00	14,93	14,80	14,61	14,40	14,16	13,96	13,70	13,37	13,12	12,88	12,54	12,21	11,88	11,56	11,24	10,91	10,57	10,23	9,88	9,51	9,14	14,80
17/06/2019 21:30:00	14,76	14,51	14,35	14,22	14,13	13,95	13,74	13,53	13,25	12,94	12,64	12,32	12,00	11,68	11,35	11,00	10,65	10,28	9,91	9,51	9,12	14,81
17/06/2019 21:35:00	14,60	14,42	14,27	14,12	13,95	13,75	13,53	13,29	13,05	12,80	12,51	12,22	11,92	11,62	11,32	10,99	10,67	10,32	9,97	9,60	9,24	14,55
17/06/2019 21:40:00	14,49	14,33	14,30	14,26	14,12	13,97	13,78	13,55	13,28	12,98	12,69	12,37	12,06	11,73	11,40	11,05	10,69	10,32	9,95	9,56	9,16	14,09
17/06/2019 21:45:00	14,31	14,22	14,13	14,07	14,01	13,83	13,61	13,37	13,07	12,77	12,50	12,19	11,89	11,56	11,24	10,88	10,52	10,14	9,76	9,36	8,96	13,99
17/06/2019 21:50:00	14,25	14,05	13,91	13,85	13,87	13,70	13,50	13,30	13,11	12,89	12,61	12,31	12,01	11,71	11,40	11,07	10,74	10,38	10,02	9,63	9,25	14,03
17/06/2019 21:55:00	14,14	14,16	14,01	13,87	13,71	13,54	13,33	13,10	12,89	12,67	12,37	12,09	11,80	11,51	11,22	10,90	10,59	10,25	9,91	9,56	9,20	13,88
17/06/2019 22:00:00	14,11	14,14	14,07	14,01	13,98	13,84	13,65	13,42	13,19	12,94	12,65	12,34	12,04	11,72	11,41	11,07	10,72	10,36	10,00	9,61	9,22	13,86
17/06/2019 22:05:00	14,04	14,01	14,02	14,02	13,99	13,82	13,61	13,38	13,16	12,92	12,63	12,31	12,00	11,68	11,36	11,01	10,66	10,30	9,93	9,55	9,16	13,88
17/06/2019 22:10:00	13,97	14,05	14,04	14,02	13,97	13,83	13,63	13,39	13,18	12,95	12,66	12,35	12,05	11,74	11,42	11,08	10,74	10,38	10,02	9,64	9,26	13,75
17/06/2019 22:15:00	13,90	13,95	13,92	13,89	13,83	13,73	13,56	13,32	13,06	12,79	12,51	12,21	11,91	11,59	11,27	10,91	10,56	10,19	9,82	9,42	9,03	13,55
17/06/2019 22:20:00	13,94	14,01	13,99	13,96	13,89	13,74	13,53	13,29	13,03	12,76	12,43	12,10	11,76	11,43	11,09	10,73	10,38	10,01	9,64	9,25	8,86	13,56
17/06/2019 22:25:00	13,85	13,87	13,85	13,81	13,69	13,61	13,45	13,20	12,95	12,68	12,38	12,06	11,75	11,43	11,11	10,76	10,41	10,05	9,68	9,29	8,90	13,70
17/06/2019 22:30:00	13,78	13,93	14,01	14,07	14,06	13,95	13,77	13,55	13,30	13,03	12,68	12,32	11,96	11,60	11,25	10,88	10,51	10,13	9,74	9,34	8,93	13,45
17/06/2019 22:35:00	13,58	13,72	13,87	14,00	14,08	14,02	13,88	13,69	13,37	13,01	12,63	12,22	11,81	11,40	11,00	10,59	10,19	9,77	9,34	8,90	8,45	13,40
17/06/2019 22:40:00	13,53	13,53	13,59	13,65	13,66	13,50	13,32	13,13	12,92	12,70	12,44	12,16	11,87	11,57	11,26	10,92	10,58	10,22	9,86	9,48	9,10	13,40
17/06/2019 22:45:00	13,37	13,49	13,66	13,77	13,75	13,66	13,53	13,37	13,14	12,87	12,56	12,22	11,89	11,55	11,21	10,85	10,50	10,12	9,75	9,35	8,96	13,34
17/06/2019 22:50:00	13,41	13,51	13,65	13,75	13,76	13,68	13,53	13,33	13,12	12,88	12,63	12,34	12,05	11,73	11,42	11,07	10,72	10,35	9,98	9,59	9,20	13,40
17/06/2019 22:55:00	13,39	13,52	13,66	13,79	13,87	13,81	13,70	13,57	13,35	13,09	12,80	12,48	12,16	11,83	11,50	11,14	10,78	10,40	10,02	9,61	9,21	13,39
17/06/2019 23:00:00	13,28	13,48	13,61	13,73	13,79	13,76	13,64	13,44	13,24	13,00	12,70	12,38	12,06	11,73	11,39	11,04	10,68	10,30	9,92	9,51	9,11	13,29
17/06/2019 23:05:00	13,30	13,43	13,63	13,80	13,87	13,85	13,78	13,67	13,44	13,16	12,82	12,46	12,10	11,75	11,39	11,02	10,66	10,26	9,87	9,45	9,03	13,22
17/06/2019 23:10:00	13,34	13,47	13,79	14,05	14,16	14,15	14,08	13,96	13,67	13,33	12,98	12,59	12,20	11,80	11,41	11,01	10,61	10,19	9,77	9,32	8,87	13,39
17/06/2019 23:15:00	13,22	13,54	13,90	14,19	14,30	14,25	14,14	14,02	13,77	13,45	13,05	12,63	12,22	11,81	11,41	11,01	10,61	10,20	9,78	9,34	8,90	13,30
17/06/2019 23:20:00	13,30	13,47	13,91	14,26	14,37	14,40	14,34	14,20	13,95	13,63	13,22	12,78	12,35	11,93	11,51	11,10	10,68	10,25	9,83	9,37	8,91	13,28
17/06/2019 23:25:00	13,20	13,68	14,11	14,46	14,64	14,63	14,49	14,26	13,99	13,67	13,30	12,88	12,47	12,05	11,63	11,20	10,77	10,33	9,89	9,43	8,96	13,17
17/06/2019 23:30:00	13,27	13,80	14,33	14,74	14,89	14,87	14,72	14,47	14,22	13,90	13,45	12,97	12,49	12,04	11,58	11,14	10,70	10,26	9,81	9,34	8,87	13,26
17/06/2019 23:35:00	13,19	13,94	14,59	15,06	15,20	15,12	14,96	14,77	14,44	14,03	13,51	12,98	12,44	11,95	11,45	10,98	10,51	10,04	9,58	9,09	8,60	13,38
17/06/2019 23:40:00	13,39	14,04	14,71	15,21	15,40	15,21	15,02	14,88	14,53	14,09	13,64	13,14	12,64	12,16	11,68	11,21	10,73	10,27	9,80	9,31	8,83	13,42
17/06/2019 23:45:00	13,46	14,03	14,77	15,35	15,61	15,56	15,43	15,27	14,95	14,54	14,01	13,44	12,87	12,35	11,83	11,33	10,84	10,35	9,86	9,34	8,83	13,47
17/06/2019 23:50:00	13,40	13,76	14,44	14,99	15,22	15,25	15,17	15,01	14,73	14,36	13,87	13,35	12,82	12,33	11,83	11,36	10,89	10,41	9,94	9,43	8,92	13,26
17/06/2019 23:55:00	13,39	13,85	14,63	15,21	15,38	15,42	15,36	15,21	14,90	14,49	14,00	13,47	12,93	12,43	11,93	11,45	10,97	10,49	10,01	9,49	8,98	13,35
