FileFormat:0002.2 file with temperature of atmosphere
SN105HE102
local	GMT or Local
0	GMT-Local=[hours]
0	Height[m]
0	0	0	Longitude                [grd]               [min]               [sec]
0	0	0	Latitude                [grd]               [min]               [sec]
N	NS
56,45	Freq[GHz]
0,00	dTemostat[K]
0,150	MessErr[K]
0,248	//[grad/step]
version 14.4.20120406
MTP5HE102F5645K-38.60I70D219217+A1.1
Commentary:
SN105HE102
парабола ДНА = 2,5 град
НЕ102 - ПУ - ХВБ с ЦСД " S "
АЦП - 202 - 09 с контр.U пит.и М
оптопара серии - 2
Т out № 178 пл
БП LPS - 112
End Of Commentary

SYSTEM\summer.dat
data time	0	50	100	150	200	250	300	350	400	450	500	550	600	650	700	750	800	850	900	950	1000	OutsideTemperature
16/06/2019 00:00:00	11,82	12,65	12,72	12,70	12,61	12,34	12,04	11,74	11,38	11,00	10,56	10,14	9,71	9,31	8,92	8,53	8,15	7,78	7,40	7,03	6,65	11,35
16/06/2019 00:05:00	12,17	12,46	12,57	12,62	12,57	12,32	12,04	11,76	11,44	11,08	10,68	10,27	9,85	9,46	9,06	8,68	8,29	7,91	7,54	7,15	6,77	11,73
16/06/2019 00:10:00	12,00	12,38	12,57	12,64	12,54	12,32	12,04	11,71	11,37	11,01	10,63	10,23	9,83	9,44	9,04	8,65	8,25	7,88	7,50	7,12	6,73	12,15
16/06/2019 00:15:00	11,87	12,34	12,60	12,73	12,69	12,52	12,29	12,01	11,67	11,29	10,86	10,41	9,97	9,55	9,13	8,72	8,32	7,92	7,53	7,13	6,73	12,06
16/06/2019 00:20:00	11,83	12,27	12,64	12,88	12,89	12,70	12,42	12,10	11,73	11,33	10,90	10,43	9,96	9,51	9,06	8,62	8,18	7,77	7,35	6,93	6,51	11,94
16/06/2019 00:25:00	11,86	12,45	12,84	13,04	12,94	12,71	12,46	12,20	11,81	11,38	10,88	10,38	9,88	9,42	8,96	8,54	8,11	7,71	7,31	6,90	6,49	11,77
16/06/2019 00:30:00	11,95	12,60	12,98	13,16	13,04	12,89	12,61	12,20	11,81	11,37	10,82	10,27	9,72	9,23	8,73	8,28	7,84	7,41	6,99	6,57	6,14	11,97
16/06/2019 00:35:00	11,96	12,59	13,01	13,23	13,14	12,94	12,64	12,26	11,88	11,43	10,87	10,31	9,76	9,26	8,75	8,30	7,85	7,42	7,00	6,57	6,15	11,97
16/06/2019 00:40:00	11,78	12,73	13,07	13,19	13,05	12,82	12,53	12,19	11,81	11,37	10,83	10,31	9,79	9,32	8,85	8,42	8,00	7,60	7,20	6,80	6,40	12,05
16/06/2019 00:45:00	11,63	12,46	12,89	13,14	13,16	12,89	12,63	12,38	11,94	11,45	10,91	10,37	9,82	9,32	8,82	8,37	7,91	7,48	7,05	6,62	6,19	11,87
16/06/2019 00:50:00	11,56	12,82	13,12	13,21	13,08	12,74	12,41	12,09	11,65	11,19	10,70	10,22	9,74	9,29	8,84	8,42	8,00	7,60	7,21	6,82	6,44	11,66
16/06/2019 00:55:00	11,64	13,05	13,40	13,51	13,36	13,03	12,67	12,27	11,84	11,34	10,73	10,16	9,59	9,09	8,58	8,13	7,69	7,28	6,86	6,46	6,06	11,59
16/06/2019 01:00:00	11,70	13,04	13,39	13,47	13,28	12,87	12,47	12,10	11,67	11,20	10,67	10,17	9,67	9,21	8,74	8,32	7,89	7,50	7,11	6,74	6,36	11,53
16/06/2019 01:05:00	11,80	13,04	13,22	13,23	13,10	12,76	12,36	11,93	11,54	11,14	10,68	10,24	9,80	9,37	8,95	8,54	8,13	7,75	7,36	6,99	6,62	11,61
16/06/2019 01:10:00	11,78	12,82	13,14	13,26	13,12	12,82	12,50	12,18	11,75	11,29	10,83	10,37	9,91	9,47	9,03	8,60	8,18	7,78	7,38	6,98	6,59	11,56
16/06/2019 01:15:00	11,79	12,53	12,93	13,14	13,10	12,98	12,76	12,47	12,07	11,60	11,04	10,48	9,93	9,43	8,93	8,48	8,03	7,61	7,18	6,74	6,30	11,59
16/06/2019 01:20:00	11,61	12,68	13,04	13,16	12,99	12,72	12,44	12,15	11,71	11,25	10,78	10,31	9,84	9,40	8,97	8,54	8,12	7,73	7,34	6,95	6,55	11,50
16/06/2019 01:25:00	11,67	12,52	12,73	12,83	12,80	12,61	12,35	12,03	11,75	11,40	10,91	10,44	9,97	9,55	9,12	8,73	8,34	7,96	7,57	7,19	6,80	11,62
16/06/2019 01:30:00	11,57	12,51	12,90	13,07	12,97	12,71	12,40	12,07	11,74	11,35	10,85	10,36	9,87	9,42	8,98	8,56	8,15	7,76	7,38	6,99	6,61	11,48
16/06/2019 01:35:00	11,52	12,28	12,66	12,87	12,88	12,67	12,41	12,14	11,81	11,43	10,95	10,47	10,00	9,55	9,11	8,69	8,28	7,88	7,48	7,08	6,68	11,41
16/06/2019 01:40:00	11,47	12,25	12,58	12,78	12,80	12,63	12,41	12,16	11,86	11,48	10,99	10,50	10,02	9,57	9,13	8,72	8,32	7,93	7,53	7,13	6,73	11,47
16/06/2019 01:45:00	11,48	12,15	12,55	12,81	12,87	12,76	12,56	12,31	12,01	11,65	11,23	10,78	10,34	9,91	9,48	9,07	8,66	8,26	7,86	7,45	7,03	11,43
16/06/2019 01:50:00	11,47	12,24	12,69	12,96	12,98	12,88	12,65	12,34	12,08	11,75	11,28	10,80	10,33	9,89	9,45	9,04	8,63	8,23	7,84	7,43	7,02	11,45
16/06/2019 01:55:00	11,46	12,14	12,64	12,99	13,10	13,04	12,85	12,56	12,28	11,91	11,38	10,84	10,31	9,83	9,34	8,90	8,46	8,04	7,61	7,17	6,73	11,42
16/06/2019 02:00:00	11,46	12,09	12,60	12,93	13,02	12,91	12,75	12,56	12,22	11,82	11,38	10,91	10,44	9,99	9,54	9,11	8,68	8,26	7,85	7,42	6,99	11,37
16/06/2019 02:05:00	11,43	11,96	12,43	12,74	12,79	12,68	12,52	12,32	12,01	11,65	11,28	10,87	10,46	10,05	9,64	9,23	8,83	8,43	8,03	7,62	7,22	11,32
16/06/2019 02:10:00	11,40	11,83	12,38	12,78	12,90	12,93	12,85	12,70	12,39	12,03	11,61	11,16	10,71	10,27	9,83	9,41	8,98	8,56	8,14	7,70	7,26	11,35
16/06/2019 02:15:00	11,36	11,84	12,39	12,79	12,94	12,91	12,81	12,66	12,31	11,92	11,54	11,10	10,66	10,22	9,79	9,35	8,92	8,49	8,07	7,62	7,18	11,05
16/06/2019 02:20:00	11,27	11,81	12,43	12,86	13,02	12,86	12,70	12,56	12,22	11,82	11,41	10,95	10,49	10,04	9,60	9,16	8,72	8,30	7,88	7,45	7,01	11,06
16/06/2019 02:25:00	11,05	11,73	12,28	12,69	12,89	12,81	12,66	12,48	12,17	11,79	11,34	10,86	10,37	9,92	9,46	9,02	8,59	8,16	7,74	7,30	6,86	11,10
16/06/2019 02:30:00	10,99	11,60	12,16	12,57	12,74	12,66	12,56	12,48	12,23	11,89	11,41	10,93	10,44	10,00	9,56	9,16	8,76	8,36	7,96	7,54	7,12	10,98
16/06/2019 02:35:00	10,98	11,45	12,13	12,66	12,93	12,96	12,85	12,65	12,35	11,97	11,52	11,01	10,50	10,02	9,53	9,07	8,61	8,16	7,70	7,23	6,76	10,87
16/06/2019 02:40:00	10,99	11,71	12,36	12,83	13,04	12,99	12,83	12,60	12,30	11,93	11,47	10,97	10,47	10,00	9,53	9,08	8,62	8,19	7,76	7,31	6,86	10,79
16/06/2019 02:45:00	10,93	11,61	12,38	12,91	13,08	13,00	12,85	12,65	12,36	11,99	11,50	10,98	10,46	9,98	9,49	9,04	8,59	8,16	7,73	7,28	6,84	10,80
16/06/2019 02:50:00	10,78	11,42	12,12	12,63	12,85	12,79	12,65	12,45	12,19	11,84	11,40	10,91	10,43	9,97	9,51	9,07	8,63	8,20	7,78	7,34	6,90	10,75
16/06/2019 02:55:00	10,73	11,32	12,03	12,58	12,87	12,84	12,74	12,58	12,30	11,92	11,42	10,89	10,36	9,86	9,37	8,91	8,46	8,02	7,57	7,11	6,65	10,72
16/06/2019 03:00:00	10,65	11,38	12,05	12,54	12,75	12,75	12,62	12,41	12,11	11,74	11,30	10,81	10,32	9,85	9,38	8,93	8,48	8,05	7,62	7,17	6,72	10,77
16/06/2019 03:05:00	10,68	11,21	11,96	12,52	12,76	12,84	12,79	12,64	12,41	12,07	11,56	11,04	10,51	10,03	9,55	9,11	8,67	8,23	7,80	7,35	6,89	10,72
16/06/2019 03:10:00	10,62	11,23	11,98	12,54	12,78	12,80	12,74	12,61	12,30	11,90	11,42	10,90	10,38	9,89	9,40	8,94	8,49	8,05	7,61	7,14	6,68	10,67
16/06/2019 03:15:00	10,68	11,20	11,89	12,44	12,76	12,86	12,80	12,65	12,40	12,06	11,59	11,08	10,57	10,10	9,62	9,17	8,73	8,28	7,84	7,37	6,91	10,70
16/06/2019 03:20:00	10,65	11,38	12,11	12,63	12,83	12,84	12,74	12,55	12,29	11,93	11,47	10,98	10,49	10,02	9,56	9,12	8,68	8,25	7,83	7,38	6,94	10,66
16/06/2019 03:25:00	10,66	11,37	12,14	12,67	12,82	12,86	12,77	12,59	12,32	11,95	11,44	10,92	10,39	9,91	9,42	8,98	8,54	8,11	7,68	7,24	6,80	10,68
16/06/2019 03:30:00	10,67	11,24	12,00	12,61	12,93	13,06	12,98	12,74	12,48	12,11	11,62	11,07	10,53	10,02	9,51	9,03	8,56	8,09	7,63	7,14	6,65	10,72
16/06/2019 03:35:00	10,61	11,35	12,05	12,52	12,64	12,73	12,65	12,44	12,12	11,76	11,36	10,91	10,46	10,02	9,58	9,14	8,70	8,27	7,84	7,40	6,95	10,65
16/06/2019 03:40:00	10,69	11,21	11,99	12,57	12,78	12,80	12,73	12,60	12,40	12,07	11,52	10,97	10,42	9,93	9,45	9,01	8,58	8,16	7,74	7,30	6,86	10,84
16/06/2019 03:45:00	10,70	11,35	11,94	12,41	12,69	12,76	12,66	12,43	12,18	11,85	11,42	10,94	10,47	10,01	9,56	9,12	8,68	8,25	7,81	7,36	6,91	10,74
16/06/2019 03:50:00	10,70	11,50	12,30	12,84	13,01	12,94	12,79	12,58	12,32	11,92	11,33	10,74	10,15	9,63	9,11	8,65	8,20	7,76	7,33	6,89	6,44	10,78
16/06/2019 03:55:00	10,77	11,32	12,07	12,63	12,86	12,88	12,78	12,60	12,33	11,95	11,43	10,89	10,34	9,84	9,34	8,89	8,43	7,99	7,55	7,09	6,63	10,87
16/06/2019 04:00:00	10,77	11,47	12,26	12,79	12,90	12,88	12,77	12,58	12,27	11,88	11,37	10,84	10,31	9,82	9,33	8,88	8,43	8,00	7,57	7,12	6,68	10,79
16/06/2019 04:05:00	10,69	11,26	12,01	12,54	12,74	12,69	12,56	12,37	12,10	11,72	11,23	10,70	10,17	9,68	9,19	8,74	8,29	7,86	7,43	6,99	6,54	10,74
16/06/2019 04:10:00	10,73	11,21	11,72	12,18	12,52	12,47	12,38	12,29	12,01	11,67	11,26	10,81	10,36	9,92	9,48	9,06	8,64	8,21	7,79	7,35	6,90	10,82
16/06/2019 04:15:00	10,81	11,19	11,71	12,09	12,24	12,28	12,25	12,15	11,92	11,63	11,29	10,90	10,52	10,14	9,76	9,37	8,99	8,60	8,22	7,81	7,40	10,79
16/06/2019 04:20:00	10,86	11,11	11,54	11,91	12,15	12,20	12,11	11,93	11,73	11,49	11,22	10,89	10,56	10,20	9,84	9,46	9,07	8,68	8,29	7,88	7,47	10,86
16/06/2019 04:25:00	10,83	11,34	11,86	12,27	12,47	12,47	12,38	12,25	12,06	11,76	11,29	10,81	10,34	9,90	9,47	9,07	8,68	8,28	7,89	7,47	7,06	10,80
16/06/2019 04:30:00	10,85	11,48	12,06	12,46	12,57	12,45	12,34	12,24	11,94	11,59	11,20	10,77	10,35	9,94	9,53	9,12	8,72	8,33	7,93	7,53	7,12	10,69
16/06/2019 04:35:00	10,90	11,47	11,84	12,15	12,38	12,29	12,16	12,01	11,77	11,47	11,11	10,71	10,31	9,92	9,53	9,14	8,75	8,36	7,97	7,56	7,16	10,89
16/06/2019 04:40:00	10,88	11,16	11,59	11,98	12,24	12,29	12,25	12,14	11,97	11,72	11,36	10,96	10,56	10,17	9,79	9,41	9,03	8,64	8,25	7,84	7,42	10,82
16/06/2019 04:45:00	10,79	10,90	11,33	11,76	12,09	12,22	12,23	12,17	11,96	11,69	11,37	10,99	10,61	10,23	9,84	9,45	9,06	8,65	8,25	7,81	7,37	10,81
16/06/2019 04:50:00	10,73	10,93	11,38	11,77	12,00	12,15	12,16	12,06	11,90	11,67	11,32	10,94	10,56	10,19	9,81	9,44	9,07	8,69	8,30	7,89	7,47	10,59
16/06/2019 04:55:00	10,36	10,80	11,39	11,83	12,02	12,08	12,04	11,93	11,70	11,41	11,05	10,65	10,25	9,85	9,46	9,06	8,67	8,28	7,89	7,47	7,06	10,48
16/06/2019 05:00:00	10,41	10,53	11,04	11,57	12,02	12,13	12,14	12,09	11,92	11,69	11,41	11,05	10,70	10,32	9,95	9,55	9,16	8,75	8,34	7,90	7,46	10,54
16/06/2019 05:05:00	10,30	10,60	11,24	11,75	12,03	12,15	12,18	12,14	11,97	11,71	11,32	10,90	10,47	10,07	9,67	9,28	8,89	8,50	8,10	7,68	7,26	10,33
16/06/2019 05:10:00	10,15	10,50	11,13	11,65	11,95	12,08	12,09	12,00	11,84	11,60	11,25	10,86	10,46	10,07	9,68	9,29	8,90	8,51	8,12	7,69	7,27	10,21
16/06/2019 05:15:00	10,11	10,52	11,10	11,56	11,84	11,93	11,89	11,78	11,68	11,48	11,13	10,74	10,36	9,99	9,61	9,25	8,88	8,51	8,14	7,74	7,35	10,03
16/06/2019 05:20:00	10,07	10,31	10,83	11,33	11,74	11,86	11,87	11,79	11,73	11,56	11,20	10,82	10,43	10,06	9,68	9,32	8,95	8,57	8,19	7,78	7,37	9,92
16/06/2019 05:25:00	10,06	10,31	10,74	11,10	11,32	11,43	11,49	11,51	11,40	11,23	10,97	10,67	10,38	10,08	9,77	9,45	9,14	8,80	8,46	8,09	7,73	10,03
16/06/2019 05:30:00	10,16	10,27	10,70	11,13	11,49	11,67	11,80	11,89	11,76	11,57	11,31	11,00	10,70	10,38	10,06	9,73	9,39	9,03	8,66	8,26	7,85	10,07
16/06/2019 05:35:00	10,19	10,34	10,80	11,25	11,60	11,71	11,70	11,60	11,45	11,26	11,04	10,75	10,45	10,12	9,79	9,41	9,04	8,66	8,28	7,88	7,47	10,09
16/06/2019 05:40:00	10,19	10,30	10,78	11,22	11,55	11,69	11,76	11,78	11,60	11,38	11,11	10,78	10,45	10,10	9,76	9,40	9,04	8,66	8,28	7,87	7,46	10,18
16/06/2019 05:45:00	10,24	10,28	10,75	11,21	11,57	11,76	11,82	11,79	11,69	11,51	11,23	10,89	10,56	10,21	9,87	9,51	9,16	8,78	8,41	7,99	7,58	10,23
16/06/2019 05:50:00	10,32	10,38	10,79	11,21	11,56	11,74	11,78	11,73	11,58	11,39	11,15	10,84	10,54	10,20	9,87	9,51	9,15	8,77	8,39	7,97	7,56	10,37
16/06/2019 05:55:00	10,45	10,51	10,91	11,28	11,54	11,67	11,74	11,79	11,61	11,40	11,15	10,85	10,56	10,24	9,92	9,58	9,24	8,88	8,52	8,13	7,73	10,38
16/06/2019 06:00:00	10,40	10,47	10,88	11,26	11,52	11,65	11,68	11,63	11,53	11,36	11,10	10,79	10,48	10,16	9,84	9,50	9,17	8,81	8,46	8,08	7,69	10,40
16/06/2019 06:05:00	10,39	10,38	10,77	11,18	11,54	11,64	11,67	11,64	11,49	11,32	11,14	10,87	10,61	10,30	10,00	9,65	9,29	8,92	8,56	8,15	7,75	10,40
16/06/2019 06:10:00	10,40	10,36	10,84	11,29	11,58	11,72	11,79	11,81	11,69	11,50	11,23	10,90	10,57	10,24	9,91	9,56	9,21	8,85	8,49	8,09	7,69	10,37
16/06/2019 06:15:00	10,43	10,44	10,86	11,28	11,63	11,72	11,73	11,69	11,58	11,41	11,18	10,89	10,60	10,28	9,96	9,61	9,26	8,89	8,53	8,13	7,73	10,45
16/06/2019 06:20:00	10,54	10,58	10,94	11,26	11,48	11,64	11,68	11,64	11,53	11,37	11,13	10,85	10,57	10,27	9,97	9,64	9,32	8,97	8,62	8,24	7,86	10,49
16/06/2019 06:25:00	10,63	10,38	10,67	11,01	11,31	11,42	11,46	11,46	11,37	11,23	11,02	10,76	10,49	10,21	9,92	9,60	9,28	8,93	8,59	8,21	7,83	10,55
16/06/2019 06:30:00	10,58	10,44	10,69	11,02	11,38	11,54	11,56	11,51	11,45	11,33	11,10	10,83	10,55	10,25	9,95	9,63	9,30	8,95	8,60	8,21	7,82	10,67
16/06/2019 06:35:00	10,73	10,59	10,83	11,08	11,28	11,53	11,64	11,64	11,55	11,42	11,26	11,05	10,84	10,59	10,34	10,04	9,74	9,41	9,07	8,70	8,33	10,78
16/06/2019 06:40:00	10,80	10,80	11,04	11,29	11,49	11,59	11,65	11,68	11,60	11,47	11,28	11,05	10,83	10,57	10,32	10,03	9,74	9,42	9,10	8,74	8,39	10,79
16/06/2019 06:45:00	10,84	10,75	11,05	11,40	11,72	11,85	11,83	11,73	11,64	11,49	11,26	10,97	10,67	10,36	10,04	9,70	9,35	8,99	8,62	8,23	7,83	10,85
16/06/2019 06:50:00	10,95	10,71	11,03	11,37	11,62	11,80	11,84	11,79	11,71	11,58	11,36	11,08	10,80	10,51	10,21	9,88	9,56	9,21	8,86	8,47	8,08	11,26
16/06/2019 06:55:00	11,00	10,83	11,23	11,61	11,88	11,94	11,92	11,85	11,69	11,49	11,25	10,93	10,62	10,28	9,95	9,59	9,23	8,85	8,48	8,08	7,67	11,22
16/06/2019 07:00:00	11,16	11,07	11,37	11,66	11,85	11,98	12,02	11,99	11,88	11,72	11,49	11,22	10,95	10,66	10,37	10,04	9,72	9,37	9,03	8,65	8,27	11,17
16/06/2019 07:05:00	11,22	11,01	11,32	11,66	11,94	11,98	11,97	11,95	11,91	11,79	11,50	11,19	10,88	10,57	10,26	9,94	9,62	9,28	8,94	8,56	8,18	11,28
16/06/2019 07:10:00	11,30	11,20	11,41	11,63	11,78	11,78	11,76	11,73	11,63	11,52	11,39	11,21	11,03	10,80	10,57	10,28	9,98	9,67	9,35	9,00	8,66	11,30
16/06/2019 07:15:00	11,30	11,06	11,08	11,18	11,37	11,44	11,43	11,36	11,21	11,08	11,01	10,87	10,72	10,51	10,29	9,99	9,69	9,37	9,05	8,69	8,33	11,30
16/06/2019 07:20:00	11,38	11,22	11,26	11,34	11,46	11,49	11,48	11,45	11,33	11,19	11,04	10,85	10,66	10,43	10,20	9,92	9,63	9,32	9,01	8,67	8,33	11,40
16/06/2019 07:25:00	11,40	11,06	11,17	11,31	11,41	11,42	11,40	11,37	11,24	11,09	10,94	10,74	10,53	10,29	10,05	9,76	9,46	9,14	8,83	8,48	8,14	11,26
16/06/2019 07:30:00	11,40	11,10	11,11	11,19	11,30	11,28	11,25	11,23	11,14	11,03	10,87	10,68	10,49	10,27	10,04	9,77	9,50	9,20	8,90	8,57	8,25	11,36
16/06/2019 07:35:00	11,52	11,11	11,13	11,25	11,41	11,45	11,46	11,45	11,34	11,21	11,05	10,84	10,64	10,40	10,16	9,87	9,59	9,27	8,95	8,60	8,25	11,53
16/06/2019 07:40:00	11,74	11,23	11,13	11,13	11,21	11,29	11,32	11,31	11,28	11,23	11,16	11,04	10,92	10,76	10,59	10,35	10,11	9,83	9,56	9,24	8,92	12,03
16/06/2019 07:45:00	11,87	11,33	11,19	11,19	11,33	11,38	11,37	11,31	11,24	11,13	10,96	10,76	10,55	10,32	10,09	9,82	9,55	9,24	8,93	8,59	8,25	12,20
16/06/2019 07:50:00	11,81	11,33	11,16	11,10	11,16	11,13	11,09	11,07	10,99	10,90	10,79	10,66	10,52	10,33	10,15	9,91	9,66	9,38	9,10	8,79	8,48	11,92
16/06/2019 07:55:00	11,84	11,49	11,37	11,29	11,22	11,22	11,14	11,00	10,85	10,72	10,61	10,46	10,30	10,10	9,90	9,63	9,36	9,07	8,77	8,46	8,14	11,81
16/06/2019 08:00:00	11,89	11,44	11,18	11,07	11,13	11,06	10,97	10,89	10,78	10,68	10,61	10,50	10,38	10,21	10,03	9,78	9,53	9,25	8,97	8,66	8,35	11,77
16/06/2019 08:05:00	11,70	11,29	11,04	10,90	10,89	10,90	10,87	10,81	10,72	10,66	10,65	10,59	10,53	10,40	10,26	10,04	9,81	9,55	9,29	9,00	8,71	11,65
16/06/2019 08:10:00	11,55	11,30	11,05	10,90	10,89	10,90	10,86	10,78	10,67	10,57	10,51	10,40	10,30	10,14	9,98	9,74	9,50	9,23	8,96	8,66	8,36	11,58
16/06/2019 08:15:00	11,65	11,30	11,02	10,87	10,87	10,89	10,84	10,71	10,65	10,59	10,52	10,42	10,32	10,16	10,00	9,77	9,54	9,28	9,01	8,72	8,42	11,79
16/06/2019 08:20:00	11,80	11,47	11,36	11,32	11,33	11,19	11,07	10,98	10,91	10,81	10,63	10,44	10,25	10,03	9,82	9,56	9,30	9,03	8,75	8,45	8,15	11,80
16/06/2019 08:25:00	11,91	11,50	11,29	11,16	11,11	11,02	10,91	10,78	10,71	10,63	10,49	10,33	10,17	9,98	9,79	9,55	9,31	9,04	8,77	8,48	8,19	11,83
16/06/2019 08:30:00	11,91	11,46	11,16	10,95	10,83	10,70	10,61	10,55	10,48	10,40	10,30	10,18	10,07	9,92	9,77	9,56	9,35	9,11	8,87	8,60	8,34	12,04
16/06/2019 08:35:00	12,12	11,76	11,38	11,09	10,93	10,75	10,60	10,46	10,33	10,24	10,21	10,14	10,08	9,95	9,82	9,60	9,38	9,14	8,90	8,64	8,38	12,02
16/06/2019 08:40:00	12,24	11,76	11,39	11,06	10,80	10,68	10,50	10,29	10,21	10,15	10,07	9,98	9,89	9,76	9,62	9,41	9,20	8,97	8,74	8,49	8,24	12,26
16/06/2019 08:45:00	12,29	11,87	11,44	11,07	10,80	10,59	10,40	10,24	10,10	10,00	9,92	9,84	9,76	9,62	9,48	9,27	9,06	8,83	8,61	8,36	8,12	12,26
16/06/2019 08:50:00	12,37	11,90	11,51	11,16	10,84	10,58	10,37	10,20	10,07	9,95	9,81	9,67	9,54	9,38	9,21	9,00	8,78	8,55	8,33	8,09	7,84	12,35
16/06/2019 08:55:00	12,40	11,97	11,51	11,11	10,80	10,53	10,28	10,06	9,87	9,73	9,65	9,56	9,46	9,31	9,16	8,93	8,71	8,47	8,23	7,98	7,74	12,54
16/06/2019 09:00:00	12,54	12,22	11,70	11,20	10,75	10,50	10,27	10,04	9,85	9,73	9,70	9,66	9,62	9,51	9,40	9,20	9,01	8,80	8,59	8,37	8,15	12,52
16/06/2019 09:05:00	12,51	12,23	11,75	11,27	10,82	10,53	10,26	9,99	9,81	9,71	9,69	9,65	9,62	9,51	9,41	9,21	9,01	8,80	8,59	8,37	8,16	12,30
16/06/2019 09:10:00	12,21	11,89	11,44	11,01	10,62	10,31	10,03	9,79	9,59	9,45	9,39	9,32	9,25	9,12	8,98	8,76	8,55	8,32	8,10	7,87	7,64	12,24
16/06/2019 09:15:00	12,23	11,88	11,48	11,08	10,72	10,43	10,18	9,99	9,78	9,61	9,48	9,35	9,22	9,05	8,89	8,66	8,43	8,20	7,96	7,72	7,47	12,33
16/06/2019 09:20:00	12,31	12,06	11,56	11,11	10,76	10,40	10,10	9,85	9,71	9,63	9,55	9,48	9,41	9,28	9,16	8,96	8,76	8,55	8,34	8,13	7,92	12,33
16/06/2019 09:25:00	12,39	11,96	11,61	11,25	10,87	10,57	10,33	10,15	9,97	9,83	9,76	9,67	9,58	9,44	9,30	9,08	8,86	8,64	8,41	8,18	7,95	12,29
16/06/2019 09:30:00	12,39	12,01	11,58	11,17	10,81	10,50	10,27	10,10	9,91	9,79	9,76	9,72	9,67	9,56	9,44	9,23	9,03	8,81	8,59	8,36	8,13	12,48
16/06/2019 09:35:00	12,57	12,09	11,61	11,18	10,83	10,62	10,38	10,09	9,97	9,90	9,90	9,86	9,83	9,72	9,61	9,41	9,21	8,99	8,77	8,54	8,31	12,45
16/06/2019 09:40:00	12,54	12,20	11,73	11,27	10,88	10,57	10,32	10,15	10,03	9,94	9,81	9,71	9,61	9,47	9,33	9,15	8,96	8,75	8,55	8,34	8,12	12,51
16/06/2019 09:45:00	12,61	12,18	11,69	11,24	10,86	10,61	10,39	10,18	10,00	9,87	9,81	9,74	9,67	9,54	9,41	9,20	8,99	8,77	8,54	8,31	8,07	12,62
16/06/2019 09:50:00	12,58	12,04	11,58	11,16	10,82	10,54	10,29	10,07	9,89	9,78	9,78	9,74	9,71	9,59	9,48	9,27	9,06	8,83	8,61	8,38	8,14	12,65
16/06/2019 09:55:00	12,49	12,10	11,71	11,31	10,90	10,55	10,24	9,98	9,77	9,63	9,59	9,51	9,44	9,30	9,17	8,94	8,72	8,49	8,27	8,04	7,81	12,48
16/06/2019 10:00:00	12,30	11,81	11,37	10,94	10,55	10,30	10,07	9,87	9,72	9,61	9,53	9,45	9,37	9,23	9,10	8,90	8,70	8,49	8,27	8,05	7,82	12,31
16/06/2019 10:05:00	12,30	11,95	11,48	11,01	10,56	10,24	9,98	9,78	9,69	9,64	9,59	9,56	9,52	9,43	9,34	9,17	9,00	8,82	8,64	8,45	8,27	12,27
16/06/2019 10:10:00	12,31	11,80	11,30	10,87	10,53	10,27	10,06	9,91	9,80	9,74	9,71	9,68	9,64	9,54	9,45	9,27	9,09	8,89	8,69	8,48	8,26	12,31
16/06/2019 10:15:00	12,22	11,74	11,34	10,98	10,68	10,50	10,31	10,11	10,04	10,00	9,99	9,96	9,93	9,83	9,73	9,54	9,35	9,14	8,93	8,70	8,48	12,45
16/06/2019 10:20:00	12,19	11,74	11,33	10,99	10,73	10,56	10,43	10,33	10,26	10,23	10,25	10,25	10,25	10,18	10,10	9,93	9,75	9,55	9,34	9,12	8,90	12,27
16/06/2019 10:25:00	12,15	11,85	11,44	11,05	10,73	10,54	10,35	10,18	10,13	10,14	10,17	10,19	10,20	10,14	10,08	9,91	9,75	9,56	9,37	9,16	8,96	12,22
16/06/2019 10:30:00	12,17	11,76	11,34	10,98	10,73	10,45	10,27	10,17	10,11	10,13	10,26	10,34	10,42	10,40	10,37	10,22	10,06	9,88	9,70	9,50	9,31	12,18
16/06/2019 10:35:00	12,18	11,80	11,38	11,01	10,71	10,60	10,48	10,35	10,31	10,33	10,39	10,43	10,47	10,42	10,38	10,22	10,06	9,87	9,68	9,47	9,26	12,17
16/06/2019 10:40:00	12,13	11,78	11,43	11,12	10,89	10,71	10,59	10,52	10,48	10,49	10,58	10,63	10,69	10,65	10,61	10,44	10,28	10,09	9,90	9,69	9,48	12,08
16/06/2019 10:45:00	12,17	11,72	11,47	11,23	10,98	10,84	10,72	10,64	10,57	10,56	10,67	10,73	10,79	10,74	10,69	10,51	10,33	10,12	9,91	9,69	9,46	12,31
16/06/2019 10:50:00	12,15	11,79	11,50	11,24	11,02	10,84	10,70	10,59	10,52	10,52	10,64	10,70	10,76	10,71	10,66	10,48	10,30	10,09	9,89	9,67	9,45	12,00
16/06/2019 10:55:00	12,13	11,80	11,48	11,17	10,87	10,69	10,56	10,48	10,43	10,45	10,59	10,68	10,78	10,76	10,74	10,59	10,43	10,25	10,07	9,87	9,68	12,15
16/06/2019 11:00:00	12,07	11,87	11,62	11,32	10,94	10,79	10,63	10,47	10,43	10,46	10,54	10,59	10,65	10,61	10,56	10,40	10,24	10,05	9,86	9,67	9,47	12,03
16/06/2019 11:05:00	12,16	11,75	11,37	11,06	10,87	10,73	10,57	10,42	10,39	10,42	10,52	10,57	10,62	10,57	10,52	10,34	10,17	9,96	9,76	9,54	9,31	12,10
16/06/2019 11:10:00	12,20	11,85	11,58	11,33	11,09	10,97	10,84	10,71	10,74	10,81	10,85	10,87	10,89	10,83	10,77	10,61	10,45	10,25	10,06	9,85	9,64	12,19
16/06/2019 11:15:00	12,43	12,02	11,70	11,43	11,25	11,04	10,88	10,77	10,67	10,65	10,78	10,84	10,90	10,85	10,80	10,61	10,41	10,19	9,98	9,74	9,51	12,72
16/06/2019 11:20:00	12,56	12,17	11,82	11,49	11,19	11,01	10,88	10,78	10,70	10,70	10,81	10,88	10,94	10,91	10,87	10,70	10,53	10,33	10,14	9,92	9,71	12,94
16/06/2019 11:25:00	12,53	12,21	11,87	11,52	11,16	10,94	10,76	10,62	10,50	10,48	10,61	10,69	10,77	10,74	10,70	10,53	10,35	10,16	9,96	9,75	9,54	12,77
16/06/2019 11:30:00	12,51	12,13	11,72	11,39	11,17	10,99	10,85	10,74	10,67	10,67	10,74	10,78	10,82	10,76	10,71	10,53	10,35	10,15	9,94	9,71	9,48	12,62
16/06/2019 11:35:00	12,59	12,20	11,77	11,42	11,18	10,95	10,77	10,66	10,57	10,56	10,69	10,77	10,84	10,81	10,77	10,60	10,43	10,23	10,02	9,81	9,59	12,90
16/06/2019 11:40:00	12,74	12,26	11,84	11,47	11,17	10,99	10,81	10,66	10,58	10,57	10,65	10,70	10,74	10,69	10,64	10,46	10,28	10,08	9,88	9,66	9,44	13,34
16/06/2019 11:45:00	12,87	12,35	11,91	11,51	11,17	10,97	10,80	10,65	10,55	10,50	10,54	10,55	10,57	10,49	10,42	10,24	10,06	9,86	9,65	9,43	9,21	13,16
16/06/2019 11:50:00	12,83	12,41	11,93	11,50	11,15	10,97	10,81	10,67	10,56	10,53	10,61	10,66	10,71	10,67	10,62	10,45	10,28	10,08	9,88	9,67	9,45	13,29
16/06/2019 11:55:00	12,92	12,48	12,09	11,70	11,31	11,03	10,81	10,65	10,54	10,49	10,50	10,50	10,49	10,41	10,33	10,15	9,96	9,76	9,56	9,34	9,13	13,34
16/06/2019 12:00:00	12,94	12,54	12,14	11,74	11,35	11,11	10,90	10,69	10,60	10,57	10,55	10,53	10,50	10,41	10,32	10,14	9,95	9,75	9,54	9,32	9,11	13,43
16/06/2019 12:05:00	12,97	12,53	12,13	11,77	11,44	11,18	10,96	10,77	10,64	10,57	10,54	10,50	10,45	10,34	10,22	10,02	9,82	9,59	9,37	9,13	8,89	13,49
16/06/2019 12:10:00	13,00	12,58	12,19	11,79	11,40	11,13	10,93	10,79	10,65	10,57	10,52	10,47	10,42	10,31	10,20	10,00	9,81	9,60	9,39	9,16	8,93	13,40
16/06/2019 12:15:00	13,00	12,53	12,08	11,64	11,21	11,01	10,80	10,58	10,49	10,46	10,50	10,51	10,53	10,46	10,40	10,22	10,05	9,85	9,65	9,44	9,23	13,05
16/06/2019 12:20:00	12,95	12,49	12,09	11,71	11,37	11,12	10,91	10,73	10,63	10,60	10,65	10,67	10,69	10,62	10,55	10,36	10,18	9,97	9,76	9,54	9,32	13,12
16/06/2019 12:25:00	13,04	12,56	12,13	11,74	11,38	11,16	10,99	10,88	10,76	10,70	10,73	10,73	10,73	10,66	10,58	10,40	10,22	10,01	9,80	9,58	9,35	13,39
16/06/2019 12:30:00	13,14	12,57	12,15	11,80	11,52	11,28	11,11	11,01	10,89	10,82	10,84	10,84	10,83	10,74	10,65	10,46	10,27	10,05	9,82	9,59	9,35	13,34
16/06/2019 12:35:00	13,08	12,63	12,16	11,73	11,39	11,14	10,93	10,78	10,72	10,73	10,78	10,81	10,84	10,79	10,74	10,57	10,41	10,22	10,03	9,83	9,62	13,58
16/06/2019 12:40:00	13,25	12,67	12,21	11,81	11,50	11,26	11,03	10,83	10,74	10,70	10,71	10,69	10,67	10,58	10,49	10,30	10,10	9,89	9,67	9,44	9,21	13,57
16/06/2019 12:45:00	13,23	12,66	12,19	11,77	11,40	11,18	10,97	10,77	10,68	10,66	10,69	10,69	10,70	10,62	10,55	10,37	10,18	9,98	9,77	9,55	9,33	13,64
16/06/2019 12:50:00	13,15	12,66	12,19	11,76	11,41	11,12	10,85	10,60	10,49	10,46	10,55	10,59	10,63	10,56	10,50	10,32	10,13	9,92	9,72	9,50	9,29	13,47
16/06/2019 12:55:00	13,23	12,80	12,34	11,92	11,55	11,26	11,00	10,78	10,58	10,45	10,42	10,36	10,30	10,18	10,05	9,83	9,61	9,37	9,14	8,89	8,64	13,51
16/06/2019 13:00:00	13,27	12,80	12,30	11,85	11,50	11,25	11,03	10,82	10,65	10,55	10,56	10,54	10,52	10,42	10,32	10,12	9,91	9,68	9,46	9,21	8,97	13,77
16/06/2019 13:05:00	13,20	12,78	12,33	11,94	11,64	11,36	11,14	10,97	10,77	10,62	10,56	10,48	10,40	10,26	10,12	9,89	9,67	9,42	9,17	8,91	8,65	13,71
16/06/2019 13:10:00	13,30	12,87	12,39	11,96	11,61	11,36	11,09	10,78	10,69	10,65	10,56	10,47	10,38	10,24	10,11	9,90	9,69	9,47	9,24	9,01	8,77	13,69
16/06/2019 13:15:00	13,36	12,89	12,44	11,98	11,53	11,26	11,04	10,85	10,63	10,48	10,49	10,46	10,44	10,33	10,23	10,02	9,81	9,58	9,35	9,12	8,88	13,76
16/06/2019 13:20:00	13,28	12,82	12,42	12,03	11,67	11,40	11,16	10,94	10,76	10,63	10,59	10,53	10,46	10,33	10,20	9,97	9,75	9,51	9,27	9,02	8,77	13,54
16/06/2019 13:25:00	13,34	12,89	12,46	12,03	11,63	11,44	11,25	11,04	10,91	10,82	10,74	10,67	10,59	10,46	10,33	10,13	9,92	9,70	9,47	9,22	8,98	13,79
16/06/2019 13:30:00	13,44	12,95	12,51	12,08	11,67	11,47	11,31	11,15	10,99	10,87	10,86	10,82	10,79	10,68	10,58	10,38	10,18	9,95	9,72	9,48	9,24	13,80
16/06/2019 13:35:00	13,61	13,05	12,56	12,09	11,67	11,42	11,19	10,96	10,82	10,73	10,72	10,69	10,65	10,55	10,45	10,25	10,05	9,83	9,61	9,38	9,15	14,24
16/06/2019 13:40:00	13,53	13,01	12,53	12,08	11,69	11,44	11,21	10,99	10,88	10,82	10,77	10,71	10,66	10,55	10,43	10,24	10,05	9,83	9,61	9,38	9,15	14,26
16/06/2019 13:45:00	13,62	13,09	12,61	12,20	11,88	11,61	11,36	11,13	11,02	10,95	10,86	10,76	10,67	10,53	10,39	10,18	9,97	9,74	9,50	9,26	9,01	14,40
16/06/2019 13:50:00	13,65	13,19	12,74	12,30	11,88	11,58	11,31	11,07	10,88	10,75	10,74	10,71	10,67	10,56	10,44	10,23	10,01	9,78	9,55	9,31	9,07	14,14
16/06/2019 13:55:00	13,71	13,24	12,78	12,35	12,00	11,68	11,41	11,18	10,96	10,80	10,77	10,71	10,64	10,51	10,37	10,14	9,91	9,66	9,41	9,15	8,89	14,47
16/06/2019 14:00:00	13,69	13,23	12,78	12,35	11,96	11,69	11,46	11,27	11,09	10,95	10,84	10,73	10,62	10,47	10,31	10,09	9,87	9,63	9,39	9,14	8,88	14,48
16/06/2019 14:05:00	13,77	13,28	12,78	12,33	11,97	11,69	11,44	11,21	11,04	10,93	10,94	10,92	10,91	10,80	10,70	10,49	10,28	10,04	9,81	9,56	9,32	14,54
16/06/2019 14:10:00	14,11	13,61	13,17	12,74	12,32	12,04	11,80	11,61	11,47	11,36	11,24	11,13	11,02	10,87	10,72	10,51	10,30	10,07	9,84	9,59	9,34	14,54
16/06/2019 14:15:00	14,18	13,69	13,26	12,85	12,46	12,12	11,85	11,64	11,44	11,28	11,20	11,11	11,02	10,87	10,72	10,49	10,26	10,01	9,76	9,50	9,24	14,52
16/06/2019 14:20:00	14,15	13,81	13,35	12,87	12,38	12,01	11,70	11,44	11,28	11,18	11,06	10,96	10,86	10,72	10,58	10,37	10,16	9,94	9,72	9,49	9,26	14,25
16/06/2019 14:25:00	14,32	13,90	13,46	13,02	12,62	12,29	12,00	11,76	11,57	11,43	11,33	11,22	11,11	10,96	10,80	10,57	10,34	10,10	9,85	9,59	9,33	14,19
16/06/2019 14:30:00	14,23	13,94	13,46	13,00	12,61	12,30	12,03	11,79	11,59	11,44	11,33	11,22	11,10	10,95	10,79	10,56	10,33	10,07	9,82	9,56	9,29	13,94
16/06/2019 14:35:00	13,95	13,69	13,24	12,82	12,44	12,11	11,82	11,56	11,36	11,20	11,05	10,90	10,76	10,58	10,40	10,15	9,91	9,66	9,40	9,13	8,86	13,99
16/06/2019 14:40:00	14,14	13,66	13,19	12,74	12,33	12,10	11,86	11,59	11,40	11,25	11,15	11,04	10,93	10,77	10,61	10,38	10,14	9,89	9,63	9,36	9,09	14,21
16/06/2019 14:45:00	14,15	13,66	13,26	12,85	12,44	12,11	11,83	11,63	11,38	11,18	11,08	10,96	10,85	10,68	10,51	10,26	10,02	9,75	9,49	9,22	8,95	14,24
16/06/2019 14:50:00	14,13	13,77	13,30	12,85	12,48	12,11	11,78	11,52	11,30	11,13	11,02	10,91	10,79	10,62	10,46	10,21	9,97	9,72	9,46	9,20	8,93	14,35
16/06/2019 14:55:00	14,22	13,78	13,30	12,84	12,45	12,14	11,87	11,62	11,42	11,26	11,14	11,02	10,90	10,73	10,57	10,33	10,10	9,84	9,59	9,32	9,06	14,44
16/06/2019 15:00:00	14,24	13,66	13,23	12,82	12,44	12,14	11,92	11,76	11,56	11,39	11,27	11,14	11,02	10,85	10,69	10,45	10,22	9,97	9,71	9,44	9,17	14,32
16/06/2019 15:05:00	14,24	13,80	13,34	12,89	12,49	12,19	11,92	11,70	11,45	11,26	11,21	11,14	11,06	10,92	10,77	10,53	10,29	10,03	9,77	9,50	9,23	14,30
16/06/2019 15:10:00	14,36	13,79	13,30	12,86	12,48	12,15	11,89	11,71	11,49	11,30	11,19	11,08	10,96	10,80	10,63	10,40	10,16	9,90	9,64	9,37	9,09	14,65
16/06/2019 15:15:00	14,38	13,99	13,49	13,01	12,57	12,25	11,94	11,63	11,47	11,36	11,18	11,03	10,88	10,70	10,52	10,29	10,07	9,82	9,58	9,32	9,06	14,90
16/06/2019 15:20:00	14,38	13,88	13,42	12,97	12,54	12,27	11,99	11,70	11,51	11,38	11,25	11,12	10,99	10,82	10,65	10,42	10,18	9,93	9,67	9,41	9,14	14,62
16/06/2019 15:25:00	14,33	13,89	13,43	12,99	12,56	12,25	11,97	11,70	11,52	11,39	11,26	11,13	11,01	10,84	10,67	10,45	10,22	9,97	9,72	9,46	9,20	14,67
16/06/2019 15:30:00	14,40	13,88	13,40	12,98	12,66	12,31	12,01	11,81	11,60	11,42	11,32	11,21	11,09	10,93	10,76	10,52	10,27	10,01	9,75	9,47	9,20	14,73
16/06/2019 15:35:00	14,34	14,00	13,51	13,03	12,59	12,27	12,00	11,77	11,53	11,34	11,25	11,15	11,05	10,89	10,74	10,50	10,27	10,01	9,76	9,49	9,23	14,49
16/06/2019 15:40:00	14,56	14,10	13,70	13,31	12,91	12,56	12,25	11,99	11,74	11,53	11,42	11,29	11,16	10,98	10,80	10,54	10,28	10,00	9,73	9,45	9,17	14,54
16/06/2019 15:45:00	14,45	14,12	13,74	13,33	12,90	12,57	12,29	12,05	11,82	11,62	11,46	11,31	11,16	10,97	10,78	10,53	10,28	10,01	9,75	9,47	9,19	14,49
16/06/2019 15:50:00	14,33	13,95	13,58	13,19	12,77	12,49	12,24	11,98	11,71	11,48	11,31	11,14	10,97	10,76	10,55	10,28	10,01	9,73	9,45	9,15	8,85	14,33
16/06/2019 15:55:00	14,22	13,93	13,49	13,06	12,69	12,26	11,89	11,60	11,43	11,30	11,18	11,06	10,93	10,77	10,60	10,36	10,13	9,88	9,64	9,39	9,13	14,13
16/06/2019 16:00:00	14,16	13,72	13,30	12,87	12,43	12,16	11,94	11,77	11,59	11,45	11,41	11,35	11,30	11,18	11,06	10,85	10,63	10,40	10,16	9,91	9,65	14,04
16/06/2019 16:05:00	14,17	13,59	13,18	12,83	12,53	12,32	12,11	11,90	11,77	11,67	11,59	11,49	11,39	11,24	11,09	10,86	10,63	10,38	10,12	9,84	9,57	14,15
16/06/2019 16:10:00	14,16	13,69	13,29	12,91	12,56	12,30	12,06	11,81	11,63	11,49	11,44	11,36	11,28	11,14	10,99	10,75	10,52	10,26	10,00	9,73	9,46	14,14
16/06/2019 16:15:00	14,03	13,70	13,28	12,88	12,54	12,28	12,01	11,74	11,54	11,40	11,38	11,33	11,27	11,14	11,00	10,76	10,52	10,27	10,01	9,73	9,46	14,15
16/06/2019 16:20:00	13,99	13,62	13,24	12,88	12,58	12,30	12,03	11,79	11,60	11,47	11,46	11,41	11,36	11,23	11,09	10,86	10,62	10,36	10,10	9,83	9,56	13,93
16/06/2019 16:25:00	13,94	13,61	13,27	12,96	12,66	12,42	12,17	11,90	11,74	11,62	11,50	11,37	11,23	11,05	10,87	10,62	10,37	10,11	9,84	9,55	9,27	14,02
16/06/2019 16:30:00	13,90	13,57	13,26	12,92	12,52	12,26	12,04	11,87	11,68	11,54	11,46	11,37	11,27	11,13	10,98	10,75	10,52	10,27	10,02	9,76	9,49	13,88
16/06/2019 16:35:00	13,94	13,56	13,21	12,85	12,50	12,31	12,11	11,88	11,72	11,62	11,57	11,50	11,43	11,30	11,16	10,93	10,71	10,46	10,21	9,94	9,67	13,92
16/06/2019 16:40:00	14,06	13,64	13,24	12,88	12,58	12,32	12,10	11,93	11,76	11,62	11,54	11,44	11,35	11,20	11,04	10,81	10,58	10,32	10,06	9,78	9,51	14,17
16/06/2019 16:45:00	14,10	13,72	13,30	12,92	12,60	12,35	12,11	11,87	11,70	11,60	11,61	11,59	11,56	11,45	11,34	11,11	10,89	10,64	10,38	10,12	9,85	14,12
16/06/2019 16:50:00	14,21	13,76	13,37	13,03	12,76	12,59	12,39	12,15	12,01	11,92	11,84	11,74	11,64	11,48	11,33	11,09	10,85	10,59	10,32	10,03	9,74	14,18
16/06/2019 16:55:00	14,23	13,84	13,46	13,08	12,72	12,50	12,30	12,10	11,94	11,82	11,75	11,66	11,58	11,43	11,29	11,07	10,84	10,59	10,34	10,06	9,79	14,09
16/06/2019 17:00:00	14,27	13,81	13,44	13,11	12,83	12,58	12,37	12,21	12,05	11,92	11,82	11,70	11,59	11,42	11,26	11,02	10,78	10,52	10,25	9,97	9,68	14,34
16/06/2019 17:05:00	14,14	13,88	13,51	13,14	12,78	12,59	12,41	12,22	12,07	11,95	11,82	11,70	11,58	11,42	11,26	11,04	10,81	10,55	10,30	10,02	9,74	14,15
16/06/2019 17:10:00	14,23	13,84	13,43	13,08	12,80	12,56	12,33	12,13	11,99	11,90	11,85	11,77	11,70	11,56	11,43	11,20	10,97	10,72	10,47	10,19	9,92	14,23
16/06/2019 17:15:00	14,15	13,84	13,50	13,17	12,89	12,70	12,49	12,27	12,13	12,03	11,94	11,84	11,74	11,59	11,43	11,20	10,96	10,69	10,43	10,15	9,86	14,19
16/06/2019 17:20:00	14,24	13,85	13,46	13,12	12,81	12,59	12,42	12,29	12,15	12,05	12,01	11,96	11,91	11,78	11,66	11,45	11,23	10,98	10,73	10,46	10,19	14,25
16/06/2019 17:25:00	14,28	13,91	13,51	13,16	12,89	12,75	12,59	12,40	12,21	12,07	12,06	12,01	11,96	11,83	11,69	11,45	11,22	10,94	10,67	10,37	10,08	14,39
16/06/2019 17:30:00	14,33	14,02	13,60	13,23	12,95	12,72	12,49	12,26	12,14	12,06	11,95	11,84	11,72	11,57	11,41	11,18	10,96	10,70	10,44	10,17	9,89	14,59
16/06/2019 17:35:00	14,49	14,21	13,85	13,50	13,18	12,91	12,67	12,46	12,32	12,21	12,10	11,98	11,86	11,70	11,54	11,31	11,07	10,81	10,55	10,28	10,00	14,65
16/06/2019 17:40:00	14,56	14,11	13,71	13,39	13,17	12,98	12,79	12,58	12,41	12,28	12,20	12,09	11,98	11,81	11,65	11,40	11,14	10,86	10,58	10,27	9,96	14,57
16/06/2019 17:45:00	14,61	14,16	13,75	13,42	13,21	12,98	12,73	12,50	12,34	12,23	12,13	12,01	11,90	11,72	11,55	11,30	11,05	10,77	10,49	10,19	9,89	14,94
16/06/2019 17:50:00	15,00	14,47	14,13	13,83	13,55	13,38	13,17	12,91	12,73	12,61	12,48	12,34	12,19	12,00	11,81	11,54	11,28	10,99	10,69	10,38	10,06	14,89
16/06/2019 17:55:00	14,91	14,47	14,08	13,71	13,38	13,10	12,88	12,71	12,55	12,41	12,25	12,10	11,95	11,77	11,59	11,35	11,11	10,84	10,57	10,29	10,00	14,89
16/06/2019 18:00:00	14,90	14,53	14,13	13,78	13,50	13,28	13,07	12,88	12,70	12,57	12,51	12,42	12,34	12,19	12,04	11,80	11,56	11,28	11,00	10,70	10,41	14,89
16/06/2019 18:05:00	14,90	14,46	14,07	13,73	13,44	13,20	13,00	12,87	12,71	12,58	12,54	12,48	12,41	12,28	12,15	11,92	11,69	11,43	11,16	10,88	10,59	14,69
16/06/2019 18:10:00	14,79	14,40	14,04	13,73	13,47	13,24	13,04	12,88	12,73	12,62	12,48	12,34	12,20	12,02	11,85	11,60	11,36	11,08	10,81	10,51	10,21	14,71
16/06/2019 18:15:00	14,69	14,44	14,28	14,13	13,95	13,85	13,70	13,49	13,27	13,07	12,93	12,75	12,57	12,35	12,12	11,82	11,51	11,18	10,85	10,49	10,13	14,50
16/06/2019 18:20:00	14,82	14,47	14,23	14,00	13,78	13,56	13,34	13,13	12,95	12,79	12,60	12,40	12,20	11,97	11,74	11,46	11,18	10,88	10,57	10,24	9,91	14,50
16/06/2019 18:25:00	14,49	14,14	13,84	13,58	13,33	13,08	12,87	12,71	12,54	12,40	12,33	12,23	12,13	11,97	11,80	11,55	11,31	11,03	10,75	10,46	10,16	14,52
16/06/2019 18:30:00	14,54	14,19	13,86	13,61	13,47	13,35	13,17	12,92	12,80	12,72	12,55	12,37	12,19	11,98	11,77	11,50	11,24	10,94	10,64	10,31	9,98	14,77
16/06/2019 18:35:00	14,59	14,27	13,94	13,65	13,43	13,28	13,12	12,96	12,78	12,61	12,49	12,35	12,21	12,02	11,83	11,57	11,31	11,02	10,72	10,40	10,08	14,75
16/06/2019 18:40:00	14,67	14,28	13,96	13,70	13,54	13,36	13,18	13,03	12,86	12,71	12,56	12,39	12,23	12,03	11,82	11,56	11,29	10,99	10,69	10,36	10,03	15,03
16/06/2019 18:45:00	14,85	14,54	14,27	14,03	13,83	13,62	13,43	13,27	13,17	13,10	12,96	12,82	12,68	12,50	12,33	12,08	11,84	11,56	11,28	10,98	10,68	14,87
16/06/2019 18:50:00	14,80	14,59	14,27	13,98	13,76	13,54	13,32	13,10	12,93	12,80	12,69	12,57	12,44	12,26	12,08	11,82	11,56	11,27	10,98	10,67	10,36	14,85
16/06/2019 18:55:00	14,90	14,57	14,24	13,97	13,81	13,58	13,39	13,26	13,12	13,01	12,97	12,90	12,82	12,68	12,54	12,29	12,05	11,77	11,49	11,18	10,87	14,59
16/06/2019 19:00:00	14,83	14,48	14,26	14,05	13,82	13,70	13,57	13,42	13,21	13,01	12,87	12,70	12,54	12,33	12,11	11,83	11,55	11,23	10,91	10,57	10,22	14,74
16/06/2019 19:05:00	14,96	14,53	14,23	14,00	13,85	13,73	13,62	13,53	13,39	13,25	13,16	13,04	12,93	12,75	12,58	12,33	12,07	11,77	11,48	11,14	10,81	14,86
16/06/2019 19:10:00	14,94	14,53	14,31	14,16	14,04	13,89	13,73	13,57	13,39	13,21	13,01	12,80	12,59	12,34	12,10	11,81	11,51	11,18	10,85	10,49	10,13	14,75
16/06/2019 19:15:00	14,76	14,39	14,17	13,96	13,73	13,54	13,34	13,14	12,98	12,85	12,71	12,55	12,39	12,19	11,99	11,72	11,45	11,16	10,86	10,54	10,22	14,84
16/06/2019 19:20:00	14,73	14,41	14,17	13,99	13,87	13,70	13,52	13,34	13,18	13,05	12,96	12,83	12,70	12,52	12,33	12,05	11,78	11,47	11,16	10,83	10,50	14,80
16/06/2019 19:25:00	14,70	14,43	14,29	14,18	14,06	13,94	13,78	13,59	13,42	13,29	13,19	13,06	12,92	12,72	12,52	12,23	11,94	11,62	11,30	10,96	10,61	14,54
16/06/2019 19:30:00	14,49	14,17	14,07	14,02	13,97	13,91	13,81	13,67	13,56	13,44	13,27	13,08	12,88	12,65	12,42	12,14	11,85	11,52	11,20	10,84	10,48	14,40
16/06/2019 19:35:00	14,47	14,24	14,22	14,18	14,03	13,99	13,88	13,69	13,51	13,35	13,22	13,04	12,87	12,64	12,42	12,12	11,82	11,48	11,15	10,79	10,43	14,47
16/06/2019 19:40:00	14,60	14,24	14,20	14,15	14,01	13,93	13,79	13,61	13,45	13,32	13,19	13,02	12,85	12,63	12,41	12,12	11,83	11,50	11,18	10,83	10,48	14,56
16/06/2019 19:45:00	14,74	14,22	14,10	14,06	14,03	13,96	13,85	13,73	13,61	13,48	13,34	13,16	12,97	12,75	12,53	12,24	11,94	11,62	11,29	10,92	10,56	14,70
16/06/2019 19:50:00	14,76	14,44	14,38	14,33	14,24	14,17	14,08	13,94	13,83	13,70	13,46	13,22	12,97	12,71	12,46	12,16	11,87	11,54	11,21	10,85	10,49	15,02
16/06/2019 19:55:00	14,96	14,49	14,36	14,28	14,20	14,12	13,98	13,77	13,61	13,45	13,28	13,08	12,87	12,62	12,38	12,07	11,76	11,42	11,08	10,71	10,34	15,37
16/06/2019 20:00:00	14,99	14,56	14,40	14,24	14,05	13,91	13,76	13,58	13,42	13,27	13,12	12,94	12,77	12,56	12,34	12,06	11,78	11,46	11,15	10,81	10,47	15,57
16/06/2019 20:05:00	14,97	14,67	14,49	14,31	14,12	13,97	13,79	13,54	13,34	13,15	12,95	12,72	12,50	12,25	12,00	11,69	11,39	11,06	10,72	10,37	10,01	15,35
16/06/2019 20:10:00	15,40	15,00	14,83	14,70	14,57	14,42	14,25	14,08	13,88	13,67	13,49	13,27	13,06	12,81	12,57	12,26	11,95	11,60	11,26	10,89	10,52	15,34
16/06/2019 20:15:00	15,43	15,13	14,92	14,73	14,50	14,34	14,19	14,03	13,82	13,62	13,46	13,27	13,09	12,87	12,64	12,36	12,07	11,74	11,42	11,07	10,71	15,28
16/06/2019 20:20:00	15,32	15,11	14,99	14,89	14,75	14,56	14,35	14,11	13,87	13,64	13,44	13,20	12,96	12,68	12,41	12,08	11,75	11,39	11,04	10,66	10,28	15,32
16/06/2019 20:25:00	15,41	15,02	14,99	14,97	14,85	14,71	14,54	14,35	14,12	13,87	13,60	13,31	13,01	12,70	12,39	12,05	11,70	11,33	10,96	10,56	10,16	15,37
16/06/2019 20:30:00	15,34	15,21	15,09	14,93	14,70	14,47	14,22	13,94	13,69	13,46	13,26	13,03	12,80	12,54	12,27	11,95	11,63	11,29	10,94	10,58	10,22	15,32
16/06/2019 20:35:00	15,31	15,12	15,07	15,00	14,85	14,68	14,49	14,31	14,12	13,92	13,64	13,35	13,07	12,78	12,49	12,17	11,85	11,50	11,15	10,78	10,40	15,27
16/06/2019 20:40:00	15,26	15,16	15,10	14,98	14,77	14,57	14,34	14,07	13,83	13,59	13,29	12,99	12,69	12,38	12,07	11,74	11,40	11,04	10,69	10,31	9,94	15,27
16/06/2019 20:45:00	15,23	15,06	14,98	14,89	14,76	14,61	14,45	14,27	14,06	13,82	13,52	13,22	12,92	12,61	12,31	11,98	11,65	11,29	10,94	10,55	10,16	15,23
16/06/2019 20:50:00	15,04	15,23	15,25	15,18	14,99	14,77	14,54	14,31	14,02	13,71	13,37	13,02	12,68	12,34	12,00	11,64	11,28	10,91	10,54	10,14	9,75	15,08
16/06/2019 20:55:00	15,19	15,24	15,21	15,15	15,02	14,83	14,60	14,32	14,04	13,75	13,43	13,10	12,76	12,42	12,08	11,72	11,35	10,97	10,59	10,18	9,78	15,10
16/06/2019 21:00:00	15,08	15,21	15,16	15,08	14,97	14,71	14,46	14,26	13,99	13,71	13,42	13,12	12,82	12,51	12,20	11,85	11,51	11,14	10,78	10,39	10,01	15,13
16/06/2019 21:05:00	15,11	15,23	15,18	15,09	14,92	14,72	14,49	14,23	13,93	13,63	13,32	13,00	12,68	12,35	12,02	11,66	11,30	10,92	10,55	10,15	9,75	15,05
16/06/2019 21:10:00	15,06	15,20	15,19	15,13	14,97	14,79	14,56	14,28	14,05	13,82	13,48	13,15	12,82	12,50	12,17	11,82	11,48	11,11	10,75	10,36	9,97	15,09
16/06/2019 21:15:00	14,98	15,11	15,10	15,06	14,97	14,79	14,59	14,36	14,12	13,85	13,55	13,23	12,92	12,59	12,27	11,92	11,57	11,19	10,82	10,42	10,02	14,93
16/06/2019 21:20:00	14,88	15,08	15,00	14,88	14,75	14,52	14,29	14,09	13,85	13,59	13,30	13,01	12,72	12,42	12,13	11,80	11,46	11,11	10,76	10,38	10,01	14,90
16/06/2019 21:25:00	14,81	14,95	15,03	15,03	14,89	14,76	14,57	14,30	14,04	13,76	13,42	13,07	12,72	12,37	12,02	11,65	11,29	10,90	10,52	10,11	9,71	14,81
16/06/2019 21:30:00	14,79	15,21	15,25	15,16	14,89	14,66	14,38	14,03	13,70	13,38	13,08	12,76	12,44	12,11	11,78	11,42	11,05	10,68	10,30	9,92	9,54	14,76
16/06/2019 21:35:00	14,92	15,40	15,46	15,37	15,13	14,86	14,57	14,26	13,90	13,54	13,24	12,93	12,62	12,29	11,96	11,58	11,21	10,82	10,44	10,05	9,67	14,96
16/06/2019 21:40:00	14,91	15,43	15,47	15,41	15,25	14,93	14,60	14,29	13,99	13,68	13,30	12,93	12,56	12,19	11,83	11,46	11,08	10,71	10,33	9,94	9,55	14,97
16/06/2019 21:45:00	15,14	15,50	15,61	15,60	15,39	15,11	14,81	14,53	14,21	13,87	13,51	13,14	12,77	12,41	12,05	11,67	11,29	10,91	10,52	10,13	9,73	15,12
16/06/2019 21:50:00	15,14	15,60	15,75	15,73	15,47	15,22	14,93	14,59	14,27	13,93	13,52	13,12	12,72	12,34	11,96	11,57	11,18	10,79	10,40	10,00	9,60	15,09
16/06/2019 21:55:00	15,00	15,59	15,67	15,66	15,55	15,34	15,08	14,78	14,49	14,17	13,75	13,34	12,93	12,54	12,15	11,76	11,38	10,98	10,58	10,16	9,74	14,89
16/06/2019 22:00:00	15,07	15,57	15,70	15,69	15,52	15,31	15,07	14,79	14,49	14,18	13,82	13,46	13,11	12,75	12,39	12,02	11,64	11,26	10,87	10,47	10,07	14,70
16/06/2019 22:05:00	14,79	15,52	15,58	15,52	15,34	15,09	14,80	14,45	14,12	13,79	13,42	13,06	12,70	12,34	11,98	11,60	11,21	10,82	10,43	10,03	9,63	14,63
16/06/2019 22:10:00	14,81	15,39	15,46	15,42	15,23	14,96	14,67	14,37	14,04	13,69	13,35	13,00	12,65	12,30	11,94	11,56	11,18	10,80	10,41	10,02	9,62	14,75
16/06/2019 22:15:00	14,74	15,47	15,67	15,72	15,56	15,29	14,98	14,63	14,29	13,93	13,50	13,08	12,66	12,26	11,85	11,44	11,04	10,63	10,22	9,81	9,39	14,81
16/06/2019 22:20:00	14,77	15,38	15,64	15,76	15,67	15,43	15,18	14,97	14,61	14,20	13,81	13,41	13,00	12,60	12,20	11,79	11,38	10,96	10,54	10,10	9,67	14,74
16/06/2019 22:25:00	14,80	15,67	15,82	15,78	15,55	15,27	14,95	14,61	14,31	14,02	13,66	13,31	12,96	12,61	12,27	11,90	11,53	11,16	10,78	10,40	10,02	14,80
16/06/2019 22:30:00	14,76	15,22	15,44	15,52	15,37	15,16	14,90	14,62	14,28	13,92	13,63	13,31	12,98	12,63	12,28	11,89	11,49	11,09	10,69	10,28	9,87	14,99
16/06/2019 22:35:00	14,93	15,50	15,82	15,97	15,89	15,73	15,50	15,22	14,90	14,53	14,07	13,62	13,16	12,73	12,29	11,87	11,45	11,02	10,59	10,14	9,70	14,95
16/06/2019 22:40:00	14,87	15,48	15,78	15,91	15,82	15,61	15,34	15,03	14,75	14,43	13,97	13,52	13,07	12,65	12,23	11,82	11,41	11,00	10,58	10,16	9,73	14,88
16/06/2019 22:45:00	14,93	15,27	15,50	15,60	15,50	15,36	15,21	15,07	14,82	14,52	14,10	13,70	13,29	12,91	12,54	12,17	11,79	11,40	11,01	10,59	10,17	14,89
16/06/2019 22:50:00	15,15	15,31	15,16	14,98	14,76	14,46	14,15	13,85	13,54	13,23	12,88	12,54	12,21	11,87	11,53	11,18	10,82	10,45	10,09	9,70	9,32	14,90
16/06/2019 22:55:00	15,48	15,36	15,06	14,69	14,25	13,73	13,25	12,84	12,51	12,25	12,25	12,18	12,11	11,95	11,78	11,49	11,19	10,90	10,61	10,33	10,04	15,74
16/06/2019 23:00:00	14,20	14,54	14,63	14,62	14,49	14,26	14,02	13,76	13,51	13,23	12,83	12,44	12,05	11,69	11,33	10,97	10,61	10,24	9,87	9,48	9,10	15,10
16/06/2019 23:05:00	14,65	15,01	15,03	14,93	14,66	14,20	13,80	13,51	13,15	12,77	12,42	12,06	11,70	11,35	11,00	10,62	10,25	9,89	9,53	9,17	8,80	14,84
16/06/2019 23:10:00	14,60	14,72	14,62	14,46	14,21	14,00	13,76	13,48	13,23	12,99	12,67	12,37	12,07	11,77	11,46	11,14	10,81	10,47	10,12	9,77	9,41	15,41
16/06/2019 23:15:00	14,57	14,64	14,56	14,41	14,16	13,90	13,62	13,33	12,99	12,65	12,32	11,98	11,65	11,31	10,97	10,61	10,25	9,89	9,52	9,14	8,76	15,14
16/06/2019 23:20:00	14,82	15,04	14,95	14,79	14,52	14,22	13,90	13,58	13,15	12,71	12,42	12,10	11,78	11,43	11,09	10,70	10,32	9,93	9,54	9,14	8,74	15,09
16/06/2019 23:25:00	15,11	15,10	14,84	14,54	14,22	13,83	13,45	13,08	12,73	12,38	12,03	11,69	11,35	11,01	10,67	10,32	9,97	9,62	9,26	8,90	8,54	15,41
16/06/2019 23:30:00	15,11	15,06	14,80	14,50	14,14	13,81	13,46	13,07	12,73	12,39	12,05	11,71	11,38	11,04	10,71	10,36	10,02	9,66	9,31	8,95	8,59	15,57
16/06/2019 23:35:00	15,08	15,03	14,81	14,56	14,28	13,87	13,48	13,13	12,78	12,43	12,09	11,75	11,42	11,08	10,74	10,38	10,02	9,66	9,31	8,94	8,58	15,34
16/06/2019 23:40:00	15,05	15,04	14,78	14,46	14,08	13,71	13,37	13,06	12,70	12,33	11,95	11,60	11,24	10,90	10,56	10,22	9,88	9,53	9,18	8,82	8,47	15,39
16/06/2019 23:45:00	15,13	15,08	14,86	14,57	14,21	13,89	13,56	13,20	12,81	12,40	12,02	11,65	11,27	10,91	10,55	10,18	9,81	9,44	9,07	8,69	8,31	15,49
16/06/2019 23:50:00	15,16	15,15	14,86	14,53	14,15	13,81	13,45	13,05	12,66	12,28	11,97	11,65	11,33	11,01	10,68	10,32	9,97	9,61	9,25	8,89	8,52	15,52
16/06/2019 23:55:00	15,21	15,16	14,83	14,46	14,06	13,74	13,39	12,99	12,63	12,29	11,95	11,63	11,30	10,97	10,65	10,31	9,97	9,62	9,27	8,92	8,56	15,52
